4	2	3	12
1	99	1	65
1	30	11	9
0	6	2	87
5	50	1	166
2	4	1	18
2	36	0	108
0	33	1	10
7	7	1	16
6	33	3	20
0	4	0	33
2	26	0	54
4	63	2	4
2	39	1	2
0	17	1	47
6	80	2	20
0	49	1	2
3	35	1	0
2	5	2	139
0	16	2	21
1	12	0	14
2	12	2	5
3	80	0	10
3	18	3	59
1	5	3	12
6	27	0	45
0	39	1	14
1	3	1	7
1	24	3	8
1	4	1	34
2	40	0	11
6	95	11	13
1	34	4	42
2	7	1	4
2	17	1	16
0	3	1	46
7	13	1	8
1	90	2	89
3	6	0	30
4	71	1	0
3	30	9	13
0	26	5	18
0	23	3	14
6	19	2	16
3	21	4	28
0	16	2	7
1	1	1	16
0	25	1	23
4	18	4	36
2	21	1	38
1	46	2	2
1	33	4	12
4	35	2	16
2	116	1	4
0	13	0	18
3	2	0	15
3	1	1	30
2	24	3	5
8	0	2	0
4	127	2	8
5	29	1	13
1	10	6	25
0	9	6	26
2	23	0	51
2	4	1	108
0	10	4	65
2	23	0	102
0	5	2	12
3	70	0	23
0	19	2	30
0	4	1	50
5	44	1	60
1	83	1	19
1	10	1	59
0	32	1	11
3	9	3	14
0	22	0	14
1	13	0	57
3	27	1	10
4	39	2	0
9	10	0	48
0	156	1	1
2	5	2	12
1	12	1	11
1	1	1	140
2	17	4	29
2	46	0	25
0	31	2	8
4	56	1	55
2	9	2	21
1	1	1	28
1	102	4	83
2	4	1	25
0	12	1	4
3	15	0	19
4	18	4	120
0	3	2	26
2	7	0	69
1	11	2	62
3	32	1	10
2	12	1	41
1	46	4	13
1	68	10	69
10	10	1	56
2	14	1	24
4	92	1	47
2	99	1	36
7	0	0	15
1	32	2	34
1	0	2	162
0	82	5	14
1	12	0	20
5	6	6	65
1	2	1	31
0	2	3	14
3	81	1	41
0	4	0	32
2	34	3	39
1	7	3	50
3	15	1	18
1	27	2	10
1	15	5	6
1	47	2	43
3	106	2	62
1	13	5	21
1	142	0	23
7	16	1	81
0	63	1	8
1	100	4	2
8	111	1	8
5	16	3	55
2	32	2	50
5	4	1	16
1	28	6	5
2	3	0	61
0	19	1	9
0	13	0	86
1	28	1	14
0	74	1	27
1	7	3	16
1	25	2	2
3	22	2	27
0	20	1	9
4	72	2	80
1	65	2	36
1	2	3	80
9	59	3	49
1	44	0	12
0	47	1	28
1	18	0	14
2	28	0	18
4	42	0	59
0	69	0	35
1	107	3	92
7	4	5	13
0	24	0	48
6	12	0	2
0	19	5	13
7	16	3	20
4	11	0	2
6	11	0	59
1	1	1	20
1	68	1	5
3	4	0	72
1	10	1	27
0	27	1	18
1	26	7	16
11	43	0	11
3	31	0	46
5	15	0	18
4	1	2	50
2	22	1	51
2	19	11	1
3	77	0	26
1	50	1	58
5	40	0	35
4	79	1	1
1	1	5	32
2	23	2	2
2	4	1	18
2	36	1	71
0	21	5	33
1	24	3	26
3	16	3	24
3	37	2	26
0	45	1	72
3	0	7	46
1	61	4	16
3	28	1	2
2	40	2	52
0	14	1	34
0	3	4	86
2	1	2	67
2	2	1	36
1	12	2	6
2	42	1	10
4	8	1	44
0	10	1	5
2	18	1	8
3	18	1	15
6	18	1	18
3	46	2	14
1	2	2	48
6	37	8	21
1	7	0	21
0	7	4	62
4	180	0	4
0	32	2	39
1	2	3	0
2	29	1	14
0	70	4	28
3	37	0	38
0	1	2	34
0	55	2	4
2	31	1	23
5	9	2	63
3	14	0	12
0	3	4	25
1	2	0	73
0	95	4	5
4	17	6	28
2	61	1	5
0	62	1	27
2	0	0	28
3	10	0	7
2	30	5	33
1	21	0	121
0	32	3	132
1	16	7	51
3	30	2	119
1	22	1	3
1	33	6	2
3	35	1	22
5	2	0	45
5	111	0	40
2	20	1	110
7	13	1	50
2	3	0	4
2	15	3	27
2	43	2	36
1	6	0	19
2	8	2	11
4	31	0	12
1	2	0	19
4	15	0	139
1	27	1	27
0	49	0	15
0	18	3	7
2	4	2	116
2	25	1	238
0	20	0	9
0	18	1	10
2	4	3	38
9	43	2	58
1	60	1	25
3	5	1	1
1	43	3	5
14	63	1	24
1	4	5	20
6	2	1	10
0	8	1	70
4	1	2	42
3	21	1	54
1	4	2	86
3	20	2	148
3	75	0	16
1	52	1	1
1	13	6	18
1	20	4	3
3	46	2	21
3	18	0	146
1	7	1	89
2	13	2	11
0	13	4	64
3	64	2	96
5	55	2	24
1	6	1	41
5	19	0	27
0	30	3	11
0	3	2	25
1	1	9	16
0	5	2	6
1	25	0	7
3	15	4	8
6	5	5	6
0	28	1	57
2	10	1	8
1	72	3	4
3	4	2	26
4	6	0	8
10	100	2	2
1	6	0	28
2	17	1	52
2	1	4	6
5	95	1	52
4	20	1	10
3	62	0	28
2	23	2	3
1	1	2	12
1	24	0	21
0	12	1	2
1	8	1	30
0	55	0	74
1	22	11	56
7	25	0	56
1	30	4	74
0	31	6	177
3	3	1	6
1	57	0	15
2	8	2	121
2	31	1	53
6	2	4	16
4	20	2	16
3	20	1	5
3	33	0	6
3	43	1	19
0	38	5	11
1	41	2	44
2	4	2	33
2	16	1	3
4	6	4	15
1	10	1	28
3	32	2	14
0	44	1	5
2	6	1	8
3	6	5	65
0	29	5	10
0	5	3	78
2	30	3	9
3	5	2	89
2	27	0	3
2	16	2	58
2	7	1	118
5	0	2	11
3	6	2	76
2	49	5	26
2	1	1	16
1	13	3	6
7	28	1	14
4	5	6	14
0	1	1	18
1	23	3	40
5	41	1	12
0	32	2	4
0	88	2	24
0	8	3	18
1	1	2	22
2	27	0	1
0	61	0	47
1	2	0	32
5	6	11	37
6	5	3	1
0	25	1	4
1	18	0	87
4	60	0	37
5	41	3	29
3	4	2	17
1	12	1	47
1	16	1	10
0	11	1	64
1	3	0	54
2	46	1	5
3	25	7	41
0	51	1	3
1	39	6	20
3	46	7	110
1	90	0	170
2	177	8	5
4	32	0	106
1	2	1	1
1	7	1	29
3	7	1	4
1	28	3	9
0	50	2	86
3	17	0	75
2	25	0	4
2	18	2	94
9	25	3	39
1	21	1	94
2	11	2	29
0	4	1	56
1	3	1	14
4	3	3	68
3	14	1	10
1	31	1	33
0	2	0	13
0	5	3	50
1	10	1	51
1	39	4	8
3	68	1	46
0	2	1	11
1	62	0	25
3	11	0	6
0	18	2	2
1	34	0	6
1	10	3	2
7	1	1	9
6	5	3	17
2	28	3	81
0	84	0	72
0	21	3	74
2	58	4	33
1	16	3	27
0	67	7	74
0	15	2	40
0	6	3	4
3	28	1	12
0	8	4	86
1	12	1	0
1	100	1	8
0	35	0	4
0	17	1	29
1	5	1	73
1	23	0	8
3	51	3	51
2	25	0	32
1	53	1	16
2	35	2	55
2	13	5	11
1	4	5	21
3	23	1	39
2	10	2	0
2	106	0	137
4	20	0	1
8	3	2	54
3	18	0	25
1	63	0	27
1	0	1	4
2	13	0	20
0	10	4	4
5	32	3	53
3	13	2	31
5	0	1	10
1	2	2	11
4	124	5	12
1	76	2	52
7	7	5	25
0	8	0	36
1	13	0	49
2	25	1	47
2	9	1	2
0	5	6	30
4	12	1	27
2	10	1	25
2	2	2	21
0	4	7	75
2	20	2	68
1	3	0	40
0	2	3	19
1	23	1	30
1	40	1	10
5	43	1	26
1	45	7	9
0	8	6	28
0	13	1	19
2	35	1	104
3	48	1	1
0	19	0	35
1	25	1	1
5	17	1	69
2	30	2	11
0	14	2	41
8	127	1	19
0	71	2	10
1	42	1	5
2	15	1	38
2	13	1	5
1	12	2	39
1	11	4	24
1	10	5	13
2	33	2	17
1	86	2	33
0	46	7	128
3	3	2	12
2	17	2	79
1	19	0	23
1	31	0	11
1	53	1	17
5	19	2	58
5	32	1	60
1	6	1	24
1	22	4	3
1	21	0	19
3	22	0	3
1	35	4	17
2	21	0	6
6	56	3	77
6	29	0	16
5	9	3	75
11	3	2	19
0	2	1	35
0	19	1	24
3	32	2	59
2	0	0	7
1	87	0	10
1	39	1	30
2	0	2	6
1	47	4	23
6	10	1	64
1	26	2	9
1	4	1	19
2	27	1	5
6	10	1	19
3	3	2	138
1	10	1	14
1	9	0	2
4	4	4	6
3	12	0	36
3	13	1	64
1	53	3	20
0	0	9	81
0	18	1	87
2	25	3	17
2	40	6	40
0	81	6	3
1	31	1	9
1	38	1	39
1	84	0	26
0	52	0	19
1	60	1	32
0	4	0	21
1	2	1	2
3	27	8	71
1	1	0	14
4	2	1	89
2	0	10	52
3	37	0	8
1	7	2	175
2	89	1	43
2	4	2	10
3	29	3	30
1	54	1	29
2	31	7	42
1	8	0	9
1	13	0	21
1	39	7	60
12	89	2	41
6	5	0	19
6	11	3	26
1	4	0	31
4	16	0	55
0	19	3	0
0	13	1	6
0	28	2	16
3	4	3	21
1	62	1	36
2	36	2	59
0	21	2	5
2	15	2	48
1	17	2	44
5	14	0	6
1	11	0	16
2	17	1	37
2	17	1	66
6	8	0	21
2	11	1	17
5	26	0	69
2	12	2	28
4	98	2	44
4	16	5	63
3	21	1	5
2	29	10	5
2	36	4	24
4	2	2	40
0	65	1	68
2	1	0	40
0	1	2	25
2	31	0	19
3	37	3	75
7	16	2	1
1	31	2	81
3	20	1	76
7	7	1	36
0	7	5	8
1	56	1	152
2	74	2	15
5	158	1	0
0	17	0	83
0	19	1	14
0	13	0	101
1	40	1	48
2	26	2	35
4	16	2	2
0	24	0	24
2	13	4	1
4	32	1	2
4	19	0	77
3	29	1	60
1	7	5	96
2	4	2	16
1	97	1	17
0	10	0	49
1	93	0	26
0	38	2	30
2	20	7	39
5	13	2	29
9	21	2	25
1	4	1	1
0	18	3	6
0	24	1	56
7	15	0	80
3	29	0	35
1	11	4	42
4	94	2	48
1	72	0	3
0	15	1	61
1	6	0	29
3	102	2	9
0	12	4	33
5	72	0	31
1	33	5	1
2	34	1	14
0	141	0	4
5	1	1	33
4	12	2	55
1	8	0	89
5	38	3	116
2	25	2	15
1	11	0	31
3	32	2	67
1	16	1	174
1	11	1	4
2	77	1	0
1	49	4	19
3	5	0	37
4	59	3	2
1	31	5	9
1	10	2	67
0	14	0	7
0	12	1	23
5	3	0	63
2	6	1	89
2	26	1	7
1	127	0	5
0	16	0	36
1	2	0	126
2	1	1	43
2	19	8	28
3	2	2	0
1	8	4	1
0	27	7	25
0	57	1	4
4	18	5	100
2	94	3	12
1	47	3	32
2	9	2	45
3	8	10	27
3	44	2	8
0	24	2	128
1	26	3	55
4	10	1	5
1	40	2	32
2	47	3	17
7	20	2	26
1	9	0	15
1	30	1	15
1	41	2	6
0	17	3	23
3	158	4	12
0	34	0	6
1	10	2	24
1	6	1	29
2	23	0	20
1	26	7	31
4	4	1	19
1	23	1	7
3	9	4	12
0	18	1	50
0	40	4	3
0	21	0	69
1	43	0	36
0	79	0	23
3	67	3	44
2	8	0	8
5	27	0	14
2	14	1	114
4	39	1	67
2	65	1	4
4	2	5	38
1	97	2	54
2	15	0	18
0	13	2	14
1	23	0	5
2	31	2	1
0	32	1	27
2	12	2	5
1	51	4	10
0	5	0	73
1	9	4	30
6	21	4	2
0	25	1	22
2	42	2	0
1	34	4	155
0	72	2	21
6	8	0	62
7	24	1	6
1	5	3	11
1	3	1	4
3	3	0	23
2	81	0	69
1	38	2	35
1	13	1	0
3	11	1	46
1	61	1	57
5	10	1	54
3	78	2	5
1	6	1	8
6	8	3	51
1	27	2	9
0	5	0	0
1	14	5	0
1	70	1	2
0	42	5	15
1	4	2	20
0	6	1	62
7	11	1	29
2	16	4	9
1	3	1	10
0	19	1	39
3	47	0	96
3	4	4	29
4	11	0	24
0	45	5	52
7	18	1	17
1	10	1	24
0	17	1	17
2	34	3	56
1	68	2	3
1	11	0	52
4	84	0	31
4	1	6	29
1	43	1	116
6	39	2	11
4	4	0	12
4	60	2	14
3	12	5	46
5	58	1	74
1	34	0	8
0	22	0	6
2	66	1	28
0	48	0	51
2	15	0	3
2	15	0	10
0	25	1	35
1	31	1	41
2	84	6	146
3	3	2	11
0	28	6	51
5	13	3	14
1	5	4	59
2	71	1	96
8	42	2	48
1	32	6	11
6	18	0	62
3	21	0	19
0	49	2	28
2	11	1	21
2	22	3	46
1	10	5	8
2	17	4	68
0	1	4	24
0	36	6	55
6	48	3	11
1	70	1	17
1	11	2	85
1	1	8	11
0	78	1	30
1	42	3	4
2	149	6	19
1	9	1	3
9	1	1	251
1	18	2	53
0	6	0	7
3	76	2	31
0	6	0	8
5	22	0	48
0	45	2	73
0	29	2	36
2	4	0	53
1	87	1	1
6	17	2	46
2	7	0	68
3	39	1	8
2	35	6	13
2	77	0	38
2	2	2	8
2	43	1	5
3	53	0	15
3	38	0	15
0	16	1	26
2	16	1	77
4	39	0	7
0	5	1	1
5	4	1	1
3	12	0	22
2	3	2	0
0	26	3	14
1	11	3	3
0	32	1	9
0	45	2	80
0	16	5	227
0	61	0	7
6	20	2	5
3	3	8	10
2	10	3	2
0	34	2	117
5	19	0	22
1	4	1	24
5	15	1	25
1	16	2	23
1	54	1	92
4	25	2	25
0	24	0	32
7	29	1	4
4	1	1	4
0	47	1	10
0	63	0	55
4	86	1	83
1	23	1	1
2	27	0	8
1	18	1	20
3	5	1	25
2	33	0	61
0	22	1	7
6	113	1	9
0	6	2	84
1	9	2	12
0	24	5	9
2	41	1	16
1	9	6	50
6	20	3	8
1	53	1	6
1	7	0	27
1	103	6	39
0	3	2	32
0	22	1	15
1	5	0	13
3	21	1	28
3	29	0	27
2	1	0	37
2	16	5	10
3	56	1	65
2	91	0	24
0	18	2	7
3	22	1	0
0	9	1	11
4	130	0	33
0	1	5	21
15	26	2	32
3	64	5	6
1	2	0	72
4	16	2	9
1	13	0	17
4	33	4	26
1	5	1	29
2	32	1	20
2	76	1	25
0	43	1	39
1	73	1	31
1	2	2	11
0	140	1	27
0	0	1	66
9	20	2	19
1	23	0	136
5	18	2	5
1	19	11	22
4	37	0	181
2	22	3	14
2	31	4	18
0	21	2	115
3	99	0	37
3	2	5	66
1	20	0	35
0	26	3	21
1	73	1	6
0	15	1	66
0	4	1	8
0	35	0	39
6	6	1	108
2	22	1	144
0	2	5	73
11	37	2	129
3	4	5	88
1	15	4	6
5	7	1	21
6	11	0	28
1	45	4	77
1	61	2	4
1	12	2	21
1	53	1	7
0	1	3	65
2	11	2	47
2	13	0	3
1	6	0	13
1	10	0	10
6	105	2	89
2	0	3	21
1	5	2	26
1	68	0	31
0	23	1	23
1	9	3	20
1	46	0	8
3	27	6	7
0	39	1	5
2	8	0	44
2	37	2	6
0	33	1	12
2	11	0	35
0	17	3	33
2	57	1	57
1	14	1	32
4	50	3	19
1	7	2	37
1	11	4	18
9	82	5	5
1	14	2	26
6	7	0	14
1	17	2	14
4	18	1	24
0	7	3	5
2	9	1	45
4	20	1	13
1	16	3	2
2	42	1	0
3	4	0	27
2	15	3	32
0	70	1	59
2	0	1	10
2	2	1	51
2	14	0	18
1	51	0	8
2	8	0	71
1	1	2	19
2	32	0	17
2	10	5	56
2	14	2	15
1	16	2	15
1	3	4	10
4	8	1	27
1	71	2	5
2	28	1	7
1	29	0	6
1	173	1	23
1	41	1	56
0	6	1	18
1	5	3	17
1	68	2	19
1	36	0	15
2	90	1	21
3	12	1	20
6	31	3	14
1	10	0	86
1	105	1	33
2	48	1	10
15	9	7	65
4	18	1	137
1	38	2	68
1	15	1	27
3	46	1	25
2	39	3	9
5	10	0	48
4	15	2	19
3	6	7	34
7	16	1	4
3	10	1	45
3	16	2	47
2	4	0	38
3	12	1	7
0	0	1	44
1	10	1	163
4	0	7	59
1	8	1	10
1	9	0	6
1	27	1	7
4	5	1	18
3	29	5	13
0	18	1	93
0	4	3	26
3	3	0	1
3	18	0	18
0	114	1	11
1	2	0	41
1	25	1	48
1	61	1	21
1	3	4	11
12	13	2	15
6	61	2	48
3	6	1	96
5	11	0	2
5	16	7	10
5	11	1	11
4	13	2	12
2	12	0	22
0	5	2	13
3	19	1	58
5	30	2	40
1	29	6	69
3	11	0	25
0	30	1	28
6	14	0	81
8	10	2	3
1	23	1	77
2	30	0	39
0	8	8	2
3	19	5	79
0	48	4	8
1	61	4	73
3	8	1	165
3	11	1	41
0	46	1	21
1	49	0	38
2	20	0	1
0	18	1	65
1	12	0	7
1	83	1	7
1	17	6	14
1	36	6	68
3	2	1	91
0	19	0	5
0	1	1	11
1	22	2	16
1	15	3	45
2	25	0	48
0	55	0	49
3	41	0	60
1	27	2	1
1	18	1	67
3	44	0	20
3	45	1	60
9	31	0	34
2	23	3	1
2	34	2	7
1	7	3	102
9	35	2	114
7	8	1	37
1	13	3	7
0	111	1	17
7	14	1	8
4	18	1	2
0	47	1	3
8	17	3	17
2	1	1	20
2	32	1	7
1	32	0	103
2	16	1	3
3	12	0	21
0	100	0	19
3	12	0	16
3	41	0	112
1	1	0	1
1	5	1	21
1	37	2	76
4	50	3	73
0	22	4	62
2	28	2	118
1	28	0	19
3	23	0	7
4	129	3	21
1	117	1	11
2	46	5	11
3	37	1	61
4	57	0	20
3	55	2	8
0	38	3	34
2	67	1	54
6	3	1	18
1	91	0	6
2	10	1	37
1	25	7	15
2	70	0	61
2	18	0	14
1	50	1	36
0	13	4	2
0	13	2	9
0	15	1	124
3	2	0	27
4	9	2	4
4	10	5	7
0	45	0	12
1	13	0	57
1	63	2	75
2	20	3	36
0	2	0	138
1	89	0	1
1	48	3	20
2	6	0	20
2	19	1	3
3	8	0	14
1	34	7	18
5	10	0	48
2	10	2	32
2	11	4	1
0	64	0	16
1	32	1	30
1	10	4	3
1	3	3	3
1	14	2	29
1	9	7	72
0	0	1	22
5	110	0	6
0	19	0	14
11	27	0	96
5	64	2	7
1	58	3	34
8	3	3	35
2	40	3	9
3	36	1	0
0	5	0	11
0	15	1	87
0	7	4	46
2	4	2	50
7	10	0	3
3	33	1	48
0	35	0	23
4	4	2	10
4	29	1	36
1	9	1	9
5	4	2	17
8	20	6	18
3	7	5	4
1	4	0	4
1	26	5	8
1	4	2	62
5	1	0	90
1	23	4	3
1	1	5	37
1	135	2	5
6	7	3	28
0	14	5	23
8	53	6	50
2	60	1	47
8	30	1	3
5	32	3	116
4	35	2	22
1	11	0	137
3	32	6	1
9	63	2	56
0	2	0	6
4	40	0	22
3	7	1	36
2	1	0	14
2	58	2	7
1	34	1	19
4	4	1	5
0	86	3	36
2	74	3	78
2	96	1	14
1	17	1	45
1	80	3	34
3	15	3	2
0	35	1	8
0	11	2	18
0	23	2	12
3	20	2	6
0	68	0	19
1	19	3	18
2	22	4	110
2	6	0	65
2	5	0	17
0	1	4	21
4	6	6	162
3	41	1	32
2	7	2	45
2	11	1	4
0	5	0	4
0	35	3	3
2	23	4	93
2	21	1	36
2	109	5	140
1	2	1	2
0	36	4	57
1	17	0	29
0	2	1	14
2	18	6	99
6	33	2	3
1	60	4	6
0	19	7	54
14	6	1	16
0	86	2	81
9	41	1	19
5	43	1	81
0	2	2	5
1	64	1	17
3	15	1	11
0	21	2	10
2	2	1	19
2	7	1	28
2	11	5	20
1	19	5	31
2	12	0	15
11	61	2	21
0	147	1	12
2	38	3	40
1	4	1	53
5	24	0	21
1	23	0	164
7	67	1	45
0	11	2	67
0	22	0	6
1	48	2	1
5	3	0	3
3	5	3	109
4	39	0	3
4	46	1	15
2	14	0	35
10	11	1	64
0	3	1	12
3	5	3	14
0	8	9	6
1	1	4	17
3	18	3	20
8	16	1	7
3	47	3	40
2	5	2	4
2	31	5	70
0	4	3	34
1	6	1	17
2	23	0	73
1	70	0	4
0	64	0	17
0	20	0	52
6	10	1	14
1	86	2	5
5	36	2	20
1	3	0	53
1	0	1	1
2	4	8	11
6	13	0	9
2	25	3	25
4	39	1	43
1	43	2	2
1	34	0	66
4	54	0	11
1	15	1	12
7	39	1	4
1	42	8	16
1	87	0	7
0	10	1	67
0	17	1	32
2	15	0	33
1	33	2	72
1	35	1	9
1	102	2	7
2	1	3	25
1	1	2	45
0	103	3	52
1	11	0	1
1	41	2	53
4	13	1	8
0	54	1	13
2	8	1	15
1	23	6	12
4	40	1	12
0	30	3	22
3	12	10	53
3	26	3	18
2	7	1	32
1	42	2	99
1	13	0	0
0	41	1	2
6	4	0	0
3	16	1	9
0	10	4	9
4	6	1	2
1	48	0	3
1	58	1	46
3	16	1	24
0	30	0	59
2	56	0	15
2	35	0	66
2	50	1	11
5	3	1	108
3	6	1	35
0	88	4	7
3	81	1	56
0	53	1	0
1	39	1	5
1	13	2	7
2	1	1	24
7	101	5	100
1	19	4	29
2	23	1	193
1	4	1	32
0	27	1	14
4	3	1	9
2	9	0	37
0	20	0	13
11	7	1	37
1	75	1	22
1	7	1	12
4	19	1	146
3	15	1	22
2	27	4	25
1	21	3	6
4	6	0	1
1	9	1	38
3	5	3	43
4	7	1	15
2	1	0	57
1	12	1	4
2	35	2	18
0	2	0	3
7	5	1	31
0	87	1	66
1	14	0	15
0	14	3	34
1	36	3	2
6	18	2	9
4	6	0	0
1	11	0	13
1	54	1	22
1	7	1	12
2	50	5	5
3	2	5	70
0	28	0	6
2	19	1	12
2	3	1	0
3	70	3	56
1	43	2	51
4	23	0	172
1	52	3	46
4	56	1	20
3	7	0	14
3	61	4	21
5	1	2	16
0	35	3	75
2	5	1	58
6	7	10	84
2	49	0	5
1	28	1	3
0	10	0	55
1	26	1	21
0	20	1	3
5	78	0	70
3	32	2	136
1	29	1	15
0	98	1	7
1	6	5	22
2	21	8	24
3	6	2	6
2	8	4	28
2	33	2	39
4	50	1	3
0	36	1	20
0	10	2	4
1	15	1	51
1	88	2	30
1	18	3	84
6	30	0	46
2	10	0	0
0	52	1	7
1	6	0	13
1	6	0	35
4	10	2	9
1	20	2	48
1	47	0	30
5	15	1	31
0	15	2	19
1	34	1	9
1	5	0	2
6	6	2	90
1	6	1	37
7	32	2	5
2	10	0	35
0	5	1	29
7	10	3	5
1	31	2	5
1	22	1	6
3	5	0	2
0	2	1	21
1	13	1	35
8	11	1	12
3	53	4	24
3	17	0	13
3	66	1	15
0	37	1	13
2	44	9	95
1	27	3	69
1	16	4	2
1	38	4	8
2	5	8	20
1	17	1	8
3	11	1	2
1	91	1	98
1	1	4	7
0	28	2	69
2	0	8	54
3	2	1	61
0	102	3	51
1	1	0	27
0	26	0	32
0	78	9	3
4	35	0	121
1	69	1	6
1	28	1	31
0	1	0	48
2	14	0	18
6	9	4	18
4	22	1	7
0	46	7	2
2	18	0	1
0	63	0	7
3	86	2	34
9	6	1	82
1	1	1	1
2	36	0	12
3	0	1	2
1	6	1	11
2	5	0	4
2	1	1	85
1	4	0	34
3	29	1	15
1	17	1	17
2	30	2	35
1	20	5	105
2	14	2	66
0	40	2	4
3	14	1	20
6	3	0	34
1	0	2	3
0	9	2	25
3	14	1	7
0	8	0	1
0	111	2	52
0	11	0	16
3	1	1	4
1	3	4	17
5	6	2	5
4	11	2	20
0	50	2	49
2	6	0	26
7	121	1	44
0	6	3	26
1	90	2	5
2	23	2	112
4	5	3	111
3	19	2	73
3	0	2	41
3	1	0	104
1	22	3	12
4	50	0	15
4	21	0	42
4	64	2	20
1	11	4	48
3	30	1	12
0	8	2	75
5	45	2	15
3	17	0	51
1	2	0	112
3	13	1	133
5	4	2	5
0	28	10	9
0	5	0	23
0	25	0	110
1	11	2	86
3	75	1	9
3	0	4	21
0	9	1	123
2	23	0	6
3	16	0	66
1	51	2	1
1	17	0	29
2	16	1	11
3	5	3	71
3	43	1	31
1	29	1	13
2	7	2	7
3	54	0	22
1	23	1	15
0	14	0	0
2	165	1	37
3	31	2	41
5	6	1	87
0	40	1	126
2	7	1	17
0	10	0	39
3	8	6	64
1	24	0	9
3	27	1	31
0	26	1	4
3	70	2	25
14	70	2	4
1	3	2	41
0	46	0	8
3	26	1	18
1	15	2	3
1	15	6	2
1	15	1	160
2	4	6	20
0	13	1	88
2	2	3	4
4	26	4	12
3	7	5	48
6	5	2	21
0	20	5	2
1	66	3	22
0	11	1	10
3	37	3	14
1	1	2	34
0	11	3	18
1	53	0	3
8	69	0	24
1	18	1	58
3	7	2	6
1	58	1	10
2	13	1	4
2	8	0	36
3	29	2	40
2	6	1	32
0	2	1	24
1	1	3	18
1	37	3	4
1	22	1	93
12	68	0	34
2	18	1	23
4	48	1	9
1	37	0	10
1	38	1	138
6	43	1	5
2	16	0	66
3	24	4	66
1	91	0	1
3	31	1	9
2	75	2	53
2	33	1	5
2	50	0	23
1	104	0	26
11	31	0	26
0	15	1	125
1	1	3	33
4	11	6	2
6	24	1	0
0	1	1	8
1	14	1	7
1	21	1	4
1	34	4	71
2	28	2	18
2	8	3	21
2	29	0	42
5	62	1	71
5	16	2	5
1	20	1	52
0	6	0	31
3	32	4	10
1	30	1	5
3	20	2	41
6	7	0	47
1	33	0	52
2	9	8	65
1	41	1	17
2	69	1	55
4	13	3	6
1	3	1	34
2	35	0	68
1	21	1	3
0	24	6	13
1	16	3	4
0	41	0	105
3	31	4	161
2	22	3	35
3	29	0	3
1	24	0	31
1	8	1	51
1	24	2	18
3	19	0	107
2	8	2	30
2	85	4	36
0	26	1	1
1	17	0	22
1	8	2	12
2	77	0	6
0	11	1	134
6	1	0	4
5	15	2	85
1	31	2	12
0	33	2	8
4	1	4	4
2	2	1	86
1	51	1	89
0	24	9	2
2	32	2	22
0	16	0	59
0	73	1	1
2	3	0	49
2	4	2	5
1	14	1	46
1	29	5	116
0	2	4	48
3	6	1	100
2	1	4	14
8	42	1	47
1	45	1	34
1	0	1	33
4	122	1	1
2	95	0	33
3	123	2	9
4	6	2	106
1	55	6	19
1	8	1	40
0	8	1	18
4	4	1	54
1	7	4	57
2	9	0	34
10	45	3	6
9	82	3	20
0	21	0	35
0	24	1	25
4	70	1	36
1	76	1	31
4	39	1	25
0	2	0	52
0	2	0	4
5	28	6	33
3	15	0	18
5	30	5	10
2	26	0	2
2	36	0	23
1	52	4	11
2	28	4	113
3	4	3	24
3	35	0	44
0	61	4	18
2	26	2	12
4	30	4	19
2	24	1	49
1	22	0	122
1	20	4	4
5	7	1	26
0	10	2	22
3	33	3	9
2	46	4	7
4	5	0	162
0	35	0	62
1	6	0	101
1	62	1	50
1	18	2	44
1	29	2	59
4	64	1	62
1	29	1	41
2	22	2	0
1	37	2	3
1	5	2	34
0	20	7	11
4	44	2	90
2	12	4	205
1	30	0	2
3	53	2	24
5	5	2	1
0	20	0	2
1	4	3	22
2	15	1	10
1	7	4	12
1	3	4	91
0	4	3	15
1	30	0	26
3	40	4	120
1	109	0	2
5	3	3	27
6	5	1	54
0	36	3	19
4	2	4	43
4	17	0	15
2	6	2	19
2	7	3	134
1	5	1	47
2	19	4	31
2	14	2	54
1	30	4	66
0	25	1	11
0	8	1	0
4	28	1	67
3	17	4	44
0	37	0	3
3	47	2	10
4	80	0	2
2	68	2	58
2	18	1	32
7	1	1	10
0	7	3	20
1	34	1	13
3	17	0	148
0	23	0	2
1	30	1	32
4	26	0	61
3	28	5	3
5	55	1	10
1	7	1	40
1	2	1	11
1	4	0	55
0	4	2	6
1	26	0	17
4	76	0	63
1	11	2	4
2	19	2	12
1	8	4	18
0	16	0	55
0	28	1	1
0	2	5	31
1	13	0	3
1	28	1	9
4	8	3	34
0	19	2	14
3	84	1	52
0	5	5	92
3	60	1	4
12	16	0	49
2	3	0	28
0	9	2	13
2	2	7	15
2	50	2	60
2	31	0	1
8	41	1	9
0	37	0	11
4	7	0	186
2	6	3	139
1	48	0	75
8	10	1	53
1	29	3	13
4	34	2	25
0	14	1	9
3	1	2	54
1	8	0	15
0	57	2	43
0	0	3	93
3	18	6	72
1	30	1	19
1	12	1	2
2	20	1	1
0	22	0	79
3	23	1	5
4	21	2	16
1	15	0	67
4	26	0	40
2	4	2	59
2	1	3	27
5	67	10	34
1	20	0	48
2	5	0	36
4	63	0	18
7	29	1	69
1	53	1	19
0	20	4	37
1	19	5	14
0	13	1	20
2	19	1	5
0	6	2	14
1	19	1	58
0	34	4	8
3	2	0	33
9	37	1	6
0	2	1	27
3	31	1	4
0	49	2	29
1	32	3	50
1	8	5	25
3	59	2	18
5	9	0	63
0	93	1	70
0	48	4	34
4	20	1	2
0	7	3	26
2	3	0	18
1	47	1	6
2	8	2	11
0	22	0	2
1	11	5	90
2	7	2	16
2	0	4	12
4	41	1	89
5	13	6	100
3	12	1	24
1	0	0	21
3	60	1	60
0	28	2	29
2	13	0	23
1	74	4	117
2	31	1	38
1	40	1	9
1	8	0	36
3	2	0	41
1	6	0	37
13	19	1	19
2	31	3	20
5	7	1	157
4	26	1	47
5	2	0	14
2	131	0	17
1	20	2	30
2	68	0	1
3	7	0	2
2	43	0	19
2	8	0	26
3	105	1	5
1	2	0	47
0	10	3	33
0	41	1	13
2	85	1	59
2	12	1	26
1	7	3	36
0	40	1	17
2	62	2	1
0	4	1	117
0	6	1	83
3	15	1	13
3	22	0	5
2	43	1	0
0	2	1	21
3	5	0	42
12	22	2	9
1	20	1	21
1	1	5	1
0	7	1	3
1	29	5	17
1	89	2	9
8	21	0	15
2	0	3	11
4	54	0	5
2	5	1	39
1	61	2	13
0	67	2	40
0	10	3	20
1	2	1	3
2	27	2	7
1	31	1	65
2	45	1	52
1	2	2	78
1	13	3	17
0	4	2	38
3	20	1	43
0	13	0	6
5	41	2	10
5	36	3	13
1	43	0	36
0	23	3	13
0	64	1	9
1	4	1	11
0	8	6	45
0	9	0	17
1	13	3	19
2	24	1	16
3	11	1	25
1	3	3	1
0	168	2	2
3	120	0	200
0	12	0	48
3	8	4	62
6	14	1	51
3	23	3	119
2	38	2	6
0	1	1	28
2	10	1	23
1	125	2	68
0	1	1	30
1	9	0	31
2	12	1	4
9	2	2	0
9	19	2	19
2	1	1	13
3	27	2	20
5	34	3	54
5	9	7	4
2	44	0	144
0	12	2	8
3	63	1	6
1	54	0	19
1	2	7	51
0	57	0	46
0	17	1	38
3	13	1	6
3	56	0	188
0	6	4	46
1	12	0	73
1	30	5	2
0	4	4	1
4	33	3	47
2	1	0	1
0	2	0	2
4	4	2	37
3	31	1	3
0	22	6	13
2	27	1	2
3	14	1	12
5	81	3	49
0	15	1	23
4	11	1	16
5	28	2	50
1	20	1	17
2	19	0	39
0	21	1	0
1	72	0	21
1	75	2	48
1	50	1	16
1	16	4	18
1	32	2	93
2	31	1	25
1	19	2	11
0	13	1	30
2	1	0	11
1	63	3	41
3	12	2	1
1	15	2	61
2	10	1	2
3	32	3	40
2	193	4	76
9	5	1	3
1	54	1	15
0	35	2	39
4	105	0	7
1	20	2	3
4	2	5	43
4	1	2	18
0	34	0	8
1	4	7	19
1	59	2	3
1	2	2	36
10	17	1	11
1	60	2	10
1	10	1	8
7	5	1	48
2	9	4	7
1	20	2	133
2	16	0	47
1	65	1	67
4	30	0	18
10	21	1	16
1	20	1	23
5	26	0	8
1	15	1	166
9	37	1	9
3	18	2	4
2	2	0	164
0	18	0	10
4	6	1	58
3	23	4	29
0	6	1	4
2	34	1	25
25	25	1	43
1	35	1	5
1	46	17	7
3	8	0	72
1	21	0	60
7	6	2	7
1	20	1	92
4	25	1	18
1	11	1	25
3	7	1	7
2	65	1	3
0	25	2	16
0	2	1	0
2	64	8	19
2	44	3	12
1	89	0	66
3	25	0	38
2	15	1	56
1	4	0	29
3	51	0	39
0	33	1	27
3	28	0	9
1	10	2	21
1	37	0	3
1	4	1	28
1	33	0	0
3	2	4	141
1	7	0	5
5	33	3	57
7	10	1	6
0	11	0	14
3	13	0	9
1	90	0	4
3	8	7	9
0	7	3	42
1	53	2	48
14	78	0	4
5	29	0	2
1	11	0	46
4	5	4	26
5	51	1	78
1	22	0	27
1	2	1	34
1	57	3	3
4	6	3	21
1	5	0	22
3	40	0	14
3	39	1	16
0	50	1	9
0	44	4	37
1	58	1	0
1	22	1	27
1	24	1	24
1	11	2	18
1	17	1	28
2	79	1	28
2	73	1	79
2	49	0	8
3	11	2	35
1	22	0	6
1	14	4	5
6	17	3	32
1	41	3	72
3	9	2	28
1	13	2	5
3	17	1	21
1	44	0	17
7	54	0	12
2	11	0	42
1	33	1	103
5	63	2	16
9	8	0	111
2	41	1	55
0	89	0	42
2	31	0	99
1	13	1	13
2	26	0	27
7	38	5	20
2	50	1	2
0	37	1	7
5	12	6	2
1	16	4	47
1	59	0	35
0	21	2	26
2	125	1	6
1	35	1	68
4	34	2	77
1	4	4	22
0	25	2	25
2	22	0	9
2	20	3	2
6	10	1	6
0	119	3	142
4	14	1	37
1	1	0	10
0	17	2	151
2	20	2	79
4	38	1	55
2	19	1	31
0	65	7	4
0	107	1	103
4	36	4	26
0	27	0	59
1	69	2	51
1	5	4	31
1	0	1	22
0	2	7	16
1	1	9	8
1	60	1	17
1	5	1	74
2	1	3	74
1	39	1	12
1	0	0	8
2	86	1	40
0	24	4	4
0	1	3	56
3	30	1	49
2	37	4	38
2	21	3	23
1	30	4	2
0	6	1	51
0	55	0	26
0	20	2	3
4	43	1	20
1	13	1	16
1	16	0	16
1	11	1	2
3	68	0	38
0	33	2	92
2	6	0	35
3	13	3	18
1	21	3	19
3	21	0	42
1	5	0	16
3	67	0	10
1	29	2	1
6	44	3	17
3	72	0	4
0	24	0	4
3	10	1	13
2	51	1	6
5	4	2	11
1	6	0	19
3	14	0	29
0	3	7	83
0	4	7	36
1	11	0	2
10	18	1	5
3	54	2	11
1	11	4	86
4	8	1	41
2	9	0	12
0	74	3	4
4	86	2	29
1	16	4	29
3	13	2	25
1	46	0	54
1	53	6	5
2	21	0	48
3	43	3	4
2	25	0	3
1	181	2	8
2	15	2	6
7	28	0	11
0	3	1	4
2	5	1	0
1	46	1	13
1	3	2	27
1	19	5	64
0	9	0	86
1	24	0	34
1	18	3	53
1	15	2	30
0	3	3	50
5	86	1	18
1	35	2	5
0	30	0	54
2	29	2	95
1	10	0	26
5	18	4	22
2	95	2	9
0	10	0	2
0	14	1	27
1	8	2	58
4	28	1	11
2	20	0	36
1	45	1	23
2	3	1	0
2	11	0	27
18	3	2	16
3	66	4	16
2	59	1	45
2	1	0	16
3	36	1	47
0	32	3	94
7	15	2	19
0	26	1	17
1	34	2	1
1	9	1	10
2	61	0	13
0	37	4	32
5	74	6	35
6	17	14	16
2	11	3	23
1	13	0	3
1	60	2	1
4	20	1	31
8	11	1	30
3	2	4	78
0	2	2	1
2	2	1	54
8	3	0	28
0	5	2	36
3	10	4	1
2	12	4	24
11	7	2	73
2	24	2	6
1	15	2	18
0	12	2	32
4	18	2	10
5	31	1	37
9	16	1	24
2	21	2	19
2	4	6	20
1	9	1	30
0	2	5	1
0	54	2	19
2	71	1	1
3	41	7	138
1	2	0	19
1	37	0	15
2	21	1	2
1	82	1	21
1	9	0	47
3	4	1	97
6	2	1	33
0	13	4	34
2	3	1	13
2	45	0	2
2	31	1	5
1	36	1	34
1	11	2	1
2	23	0	4
2	19	3	38
2	19	1	122
1	95	0	1
1	50	4	10
1	19	2	60
1	13	2	6
0	20	2	63
2	8	8	32
1	107	0	48
1	3	2	35
0	17	4	4
1	4	1	44
1	34	5	5
2	28	0	97
1	16	1	10
0	18	1	20
2	82	5	23
2	10	2	22
12	4	2	7
0	41	0	16
0	10	6	71
0	21	1	5
2	94	1	21
2	13	0	9
2	36	3	31
7	7	4	44
1	9	1	24
1	67	1	8
0	44	2	34
0	6	0	11
0	12	1	5
2	9	3	40
1	6	1	56
2	15	3	5
0	2	2	12
1	20	1	31
3	3	1	20
2	77	1	0
3	20	1	9
3	23	1	44
3	38	2	53
2	53	1	5
0	21	1	42
2	77	1	9
2	30	0	75
0	19	6	10
0	58	2	2
0	31	2	1
1	52	1	19
3	19	0	43
4	11	3	23
2	38	9	47
2	8	1	30
5	49	3	8
1	2	1	68
6	58	0	16
1	4	7	35
1	39	1	28
1	48	5	29
1	43	1	9
1	46	0	9
4	42	5	1
4	11	1	12
7	93	1	63
1	0	0	31
1	35	1	4
1	8	5	4
0	25	1	22
1	54	2	101
1	47	2	23
2	17	3	80
3	2	4	20
2	56	1	19
0	162	2	17
3	64	0	37
0	8	2	33
2	5	3	5
9	16	1	40
3	49	0	64
1	9	1	4
1	32	1	18
2	57	3	1
4	3	2	60
2	9	5	47
2	2	0	18
2	26	1	77
0	58	2	17
5	75	2	19
2	10	2	9
1	2	1	60
0	30	0	41
0	10	6	4
1	100	0	46
2	14	1	35
1	49	1	38
4	229	4	27
0	13	6	5
1	15	1	70
3	2	0	1
6	15	1	9
5	50	0	48
2	104	1	12
3	28	3	2
0	28	0	18
2	30	3	98
0	32	2	15
1	30	1	5
3	99	5	48
2	38	1	8
3	16	9	65
2	7	2	7
5	69	5	7
2	9	5	4
7	38	3	25
0	139	3	18
1	23	1	27
8	33	0	16
0	32	0	8
0	28	1	42
1	1	0	63
5	6	2	4
1	11	1	39
5	39	0	52
0	46	3	4
0	12	1	17
1	11	1	35
0	26	1	10
0	3	5	8
3	17	1	1
0	60	1	25
0	21	2	14
4	27	0	2
0	15	3	30
1	18	0	111
1	35	1	10
1	24	4	1
1	191	1	7
0	13	1	29
2	68	1	37
7	28	5	25
2	6	0	20
1	64	1	3
4	15	4	4
2	23	1	55
1	53	1	161
3	29	1	129
6	126	1	13
2	215	0	17
0	18	0	32
11	24	2	2
1	11	5	52
2	44	3	51
1	10	2	141
2	6	1	5
6	39	0	59
2	33	0	84
3	4	1	91
5	58	5	4
1	58	1	27
1	18	0	20
1	3	1	12
2	34	3	60
2	27	1	66
2	17	4	11
1	16	2	0
1	128	1	29
0	67	1	40
2	24	0	60
4	23	3	20
1	0	3	86
4	41	0	47
4	32	1	4
1	19	4	71
1	6	1	58
1	19	3	80
2	77	1	48
2	8	3	21
0	42	1	36
4	5	1	9
3	7	2	43
0	6	3	30
2	64	0	2
0	2	2	37
4	71	1	359
5	10	2	54
1	72	3	105
0	19	1	20
5	10	3	42
0	40	1	1
0	11	1	18
2	5	0	3
4	7	1	3
1	108	0	11
4	20	2	4
2	7	0	43
7	58	1	6
0	9	2	12
2	49	5	144
0	10	4	35
3	29	1	8
0	8	2	30
0	25	4	7
1	9	0	16
2	30	0	23
0	95	1	6
5	0	3	45
0	72	1	51
1	29	1	4
1	4	0	62
2	89	4	60
0	23	4	9
0	41	9	35
5	0	1	57
2	28	0	77
3	69	0	8
2	12	0	26
0	6	0	7
1	23	1	9
3	15	1	4
7	29	5	56
9	6	1	1
1	52	4	57
3	31	1	35
2	9	1	56
1	12	2	0
0	21	0	68
0	4	2	57
3	10	1	99
3	5	5	48
7	55	5	3
3	9	2	118
2	14	1	13
2	35	2	33
1	37	3	7
1	10	1	2
6	50	1	76
1	6	2	68
1	35	3	9
0	16	7	7
3	26	0	8
16	16	0	24
0	83	0	71
1	49	0	62
1	46	2	32
1	4	2	0
0	57	3	21
3	56	2	47
5	18	1	82
0	49	1	76
2	13	2	8
1	3	5	33
2	23	3	42
1	16	1	15
2	56	0	31
2	5	4	5
3	9	1	70
2	18	1	22
1	39	0	36
2	93	3	8
3	18	3	69
1	25	0	22
0	60	1	24
0	17	1	21
0	9	2	13
0	8	0	9
0	16	2	103
3	45	1	24
2	17	3	52
13	3	2	27
5	23	1	5
2	13	5	33
3	20	0	14
1	1	4	68
3	10	1	18
2	45	1	81
6	14	0	28
0	10	4	23
3	16	2	4
6	73	0	18
0	45	2	18
1	80	2	77
1	57	3	23
4	2	2	6
1	20	1	69
1	94	1	13
4	3	3	5
1	7	2	53
7	12	1	49
1	1	0	14
4	81	1	152
0	3	0	48
3	76	0	8
3	32	0	150
0	24	0	101
0	65	0	13
1	59	0	60
4	26	1	13
4	46	4	80
1	31	3	18
2	82	1	9
2	34	1	21
3	17	0	123
1	0	0	24
0	2	4	31
3	27	2	2
5	1	3	23
2	40	2	8
1	2	2	9
8	1	0	14
1	16	3	16
1	14	1	21
0	20	2	46
0	93	1	21
0	128	2	2
3	10	2	8
1	8	1	15
0	58	0	32
1	0	1	23
2	10	4	8
8	4	3	35
2	39	1	21
4	79	0	27
1	5	5	86
1	17	2	15
1	30	2	4
4	4	2	38
1	127	0	18
2	70	3	15
2	1	2	7
1	57	1	55
2	67	0	18
5	4	1	5
3	16	0	76
2	48	3	25
1	37	3	14
0	2	0	37
1	4	0	16
1	71	1	55
1	79	1	42
1	48	4	68
1	108	2	9
0	13	0	9
3	30	3	10
4	28	0	11
7	9	3	34
3	12	5	103
1	18	2	22
5	8	1	26
0	30	1	24
2	23	1	22
2	4	1	10
1	3	2	6
0	48	0	61
10	7	5	91
4	3	0	3
0	38	4	120
4	1	0	26
7	8	3	42
0	6	1	74
5	99	4	33
3	10	2	18
0	36	1	1
1	72	1	4
6	49	2	101
1	8	1	2
6	1	0	42
3	7	1	4
2	43	0	11
2	29	1	16
1	46	0	19
2	117	3	2
3	12	1	35
2	21	7	20
0	60	1	6
4	41	2	50
1	8	1	41
2	1	0	3
3	8	2	6
2	5	2	7
3	38	1	210
0	8	2	3
1	3	1	69
0	41	3	10
4	19	0	80
1	14	3	37
5	77	1	61
1	81	1	20
2	11	1	113
5	14	0	11
2	9	5	195
3	23	2	7
3	6	3	2
0	39	3	119
5	29	3	7
2	10	0	17
0	2	1	21
2	23	1	28
4	2	1	15
0	7	3	58
5	19	2	28
2	3	3	36
1	35	2	21
3	14	3	106
1	36	0	2
4	35	2	30
0	37	3	1
0	6	1	34
0	15	0	5
0	33	5	22
5	38	2	17
4	33	4	75
4	8	4	11
4	5	0	42
8	21	0	3
2	3	0	89
0	8	2	13
2	14	1	14
2	56	4	83
1	18	2	80
1	9	1	15
2	23	2	74
3	6	1	3
1	18	0	76
5	1	8	22
3	170	1	19
4	117	0	85
3	13	1	4
4	2	1	71
1	5	5	38
2	47	0	7
5	62	4	41
0	94	1	63
0	190	5	3
1	9	1	24
4	15	4	3
8	21	1	13
3	5	3	77
2	7	0	6
0	17	0	8
1	11	1	20
1	40	0	2
4	30	4	43
0	25	1	21
6	128	0	29
9	197	0	15
5	155	1	9
1	39	1	5
1	9	3	38
1	0	0	5
2	8	4	95
6	25	6	32
1	35	3	18
0	4	3	111
8	1	1	3
5	29	1	5
2	19	1	1
1	32	0	11
0	32	2	27
2	57	0	84
1	82	1	26
1	7	1	52
2	65	1	51
1	1	8	17
1	8	2	3
5	84	1	48
0	106	0	38
2	20	1	61
1	16	1	62
2	40	2	2
1	36	1	10
2	33	2	34
2	31	1	16
4	19	0	80
3	1	0	38
2	86	1	56
3	12	2	2
2	8	0	105
1	5	0	7
2	28	0	76
1	38	1	24
0	81	1	65
0	46	2	49
1	15	2	66
1	23	0	8
2	21	7	93
2	37	4	11
1	2	0	23
0	11	3	7
2	10	4	29
2	43	2	1
10	25	1	56
5	19	5	23
1	29	1	50
7	13	0	74
0	39	0	5
1	35	5	16
6	1	3	5
2	34	2	2
1	11	1	13
3	30	0	11
0	70	0	40
3	51	3	40
4	44	0	48
0	49	0	17
4	19	1	58
1	28	4	8
1	20	4	16
2	26	1	35
1	18	0	20
0	16	0	52
0	45	1	2
1	9	1	111
3	33	4	4
2	2	2	15
5	92	2	16
1	14	3	12
4	56	1	26
1	13	1	45
1	17	2	25
4	4	1	96
0	6	2	15
1	21	0	121
3	57	2	34
2	146	0	38
2	98	1	24
1	3	1	20
0	100	6	19
1	8	1	15
2	18	4	38
4	14	1	54
1	16	2	65
1	2	1	22
0	42	3	8
1	2	4	3
1	11	1	5
4	5	3	56
2	2	2	13
0	27	1	2
8	24	2	43
0	27	3	48
5	35	1	31
5	34	1	8
0	29	2	17
0	60	1	35
1	33	3	53
2	44	1	129
1	81	2	72
1	53	0	35
2	21	1	110
0	2	12	5
2	25	2	23
0	25	2	14
1	74	5	1
1	26	0	33
2	2	6	62
1	35	2	17
0	4	1	18
12	10	0	8
2	4	2	37
2	10	1	12
0	55	1	4
1	1	1	57
1	29	1	14
1	2	0	17
0	3	1	15
0	73	9	23
3	14	0	7
5	56	1	36
2	3	2	69
0	4	1	4
2	12	8	23
0	104	1	24
4	29	1	7
1	111	3	13
2	62	0	157
4	11	1	36
1	3	0	41
3	41	4	98
2	110	1	12
1	74	1	0
5	10	1	105
6	7	1	5
1	55	1	121
5	23	2	5
3	3	2	31
2	10	1	19
0	6	1	0
3	58	0	40
0	16	1	32
3	1	5	68
4	46	2	18
0	36	1	3
5	76	2	9
0	13	0	7
6	18	1	89
0	13	0	35
1	21	1	60
4	58	3	34
1	63	0	21
5	17	7	58
1	19	2	23
0	44	1	12
10	56	4	1
1	18	1	59
2	6	0	0
1	79	1	36
1	3	1	13
1	50	3	14
1	32	0	65
8	5	0	23
0	39	1	16
0	6	0	47
8	7	1	1
1	64	0	77
3	18	18	6
2	31	1	67
3	2	0	2
3	39	3	34
5	50	2	3
11	2	1	82
3	51	4	16
4	18	0	55
0	10	0	1
1	44	1	8
3	21	0	32
1	7	3	40
1	47	2	21
3	5	5	62
0	9	3	18
1	48	4	33
9	36	3	51
2	30	3	39
1	17	1	4
1	47	2	15
3	28	1	127
3	4	3	19
0	9	2	22
3	16	2	4
1	21	2	21
1	19	0	9
4	53	2	69
0	16	2	40
1	5	3	8
4	17	4	77
2	36	0	6
1	11	1	39
4	63	0	47
1	25	1	63
1	19	5	98
1	12	1	22
2	43	1	88
2	36	2	85
6	13	8	41
1	17	1	10
1	1	0	15
2	14	4	64
0	0	3	87
1	64	1	84
6	36	1	67
1	63	2	29
3	20	1	90
4	17	4	77
1	61	2	8
2	6	0	34
1	7	5	10
2	68	1	18
1	12	3	16
1	19	2	1
1	105	1	1
4	41	3	26
0	24	1	59
1	1	4	8
20	9	4	20
3	63	0	22
1	23	3	70
2	1	1	3
7	5	0	16
1	52	1	56
1	24	3	30
7	78	5	5
1	4	0	2
7	11	2	12
0	3	2	23
1	98	3	13
1	15	1	22
0	15	3	113
0	39	3	9
1	16	0	6
4	2	4	2
3	60	0	146
6	4	8	15
1	11	2	9
1	13	0	11
6	18	1	74
2	14	7	59
0	10	3	10
3	2	2	49
0	13	0	164
2	24	4	28
6	34	1	56
2	5	3	86
1	22	3	7
1	42	1	6
0	5	1	13
0	120	3	13
4	1	1	13
2	11	2	53
3	5	0	19
2	14	1	25
3	29	2	4
1	20	9	7
3	9	3	13
3	3	1	35
1	62	2	4
3	7	1	34
1	7	3	11
1	9	4	92
1	8	0	11
2	18	3	3
3	13	1	4
0	65	1	107
4	21	0	33
1	96	1	15
2	91	1	88
1	35	1	97
5	6	2	10
1	30	1	1
4	27	1	41
0	3	0	14
9	19	2	13
11	10	1	2
5	24	2	71
0	4	2	7
1	35	4	20
3	44	2	35
2	35	2	95
0	19	2	59
1	34	2	34
1	43	3	33
11	13	2	37
1	3	1	28
2	43	7	68
2	45	1	17
1	5	3	51
1	2	3	20
7	21	1	20
4	8	3	24
3	48	5	1
4	13	1	1
3	40	3	27
1	19	1	47
2	1	0	29
3	43	1	17
3	0	0	7
9	73	1	12
2	32	1	21
1	21	3	31
1	18	2	111
0	25	0	10
1	20	1	61
1	5	3	10
1	22	1	17
0	101	1	9
0	3	6	21
2	34	5	23
2	22	2	44
0	28	4	7
3	4	1	13
2	43	1	18
0	45	1	45
3	20	4	45
1	1	0	14
1	43	2	4
1	9	0	29
5	31	3	8
0	10	1	22
6	16	1	8
0	5	0	69
1	23	6	121
0	45	0	1
2	12	0	8
2	1	2	106
2	4	0	3
3	35	1	11
0	10	1	26
1	30	3	20
4	92	1	38
2	74	0	43
2	12	4	46
1	11	1	1
4	69	4	5
0	6	1	14
1	125	1	18
0	35	0	40
1	109	2	36
1	34	3	76
1	31	1	42
10	2	1	74
7	6	3	19
1	30	1	157
1	16	1	2
1	175	3	63
0	17	0	52
0	20	2	12
2	38	1	31
2	31	1	84
1	15	4	50
1	18	7	7
1	20	0	6
0	56	1	28
5	32	0	32
5	9	0	22
2	6	3	3
2	34	7	9
0	37	0	24
0	53	2	48
0	2	3	8
3	70	1	50
0	9	3	46
5	4	2	33
5	60	4	2
2	18	3	24
0	6	1	6
0	43	1	24
11	58	2	7
2	33	0	58
0	19	2	20
2	70	3	63
3	10	1	11
2	1	3	3
3	28	5	114
5	5	4	125
2	10	5	22
2	19	1	15
2	20	1	39
1	11	1	34
0	83	0	25
0	7	3	25
4	9	1	19
0	58	1	16
1	3	11	36
1	21	1	14
4	154	0	30
1	18	1	47
0	32	0	48
2	7	1	100
6	14	1	19
1	6	3	0
6	35	1	24
4	28	3	102
1	1	0	63
6	2	0	21
1	32	1	40
2	1	0	15
1	57	1	1
3	8	0	29
0	3	4	14
0	13	2	45
3	14	1	36
4	17	1	54
4	19	0	0
1	179	1	84
1	46	1	35
4	1	0	14
1	40	0	13
5	13	5	10
1	19	1	48
2	40	0	46
1	23	1	102
1	54	1	45
5	30	0	20
0	5	2	72
1	11	0	13
3	48	3	15
2	71	2	27
1	3	0	13
0	99	1	21
1	56	1	29
5	52	2	95
0	2	0	2
2	13	1	48
1	54	0	12
0	129	3	13
1	48	1	18
2	24	2	8
2	24	1	47
1	9	6	89
1	5	0	154
5	19	1	188
1	30	1	34
0	10	2	17
1	40	3	16
13	14	3	41
6	29	1	21
1	17	0	10
5	4	0	38
1	36	0	22
1	22	3	25
2	8	1	14
2	10	0	68
1	20	4	33
0	73	1	38
0	38	4	10
1	7	1	7
1	10	1	1
3	20	3	26
0	28	4	5
1	32	0	12
6	55	0	8
3	194	1	33
3	19	0	24
2	33	0	80
0	28	2	5
0	8	1	66
1	6	1	12
4	49	2	27
5	8	1	17
2	7	2	3
0	14	5	34
4	96	1	24
1	28	4	32
4	8	0	98
4	13	2	96
2	36	3	78
0	5	0	13
5	59	2	35
4	57	1	8
1	2	1	5
6	46	2	17
2	6	2	72
0	3	6	55
0	1	1	169
0	4	2	20
0	7	4	45
2	16	1	25
0	38	2	1
0	11	2	71
1	1	1	212
2	13	1	75
2	4	3	3
3	4	3	40
2	12	2	33
1	27	1	2
1	26	2	90
2	13	0	10
3	28	1	86
1	37	1	13
3	12	2	1
1	27	2	71
4	23	2	38
1	21	1	14
1	121	1	34
2	57	2	21
1	20	5	32
1	109	1	64
0	27	3	17
2	103	1	58
5	11	3	26
3	46	1	48
0	92	2	129
5	50	3	71
3	21	1	12
2	31	2	96
3	21	0	55
1	10	0	14
7	1	2	37
2	34	1	137
4	91	1	38
1	62	1	60
2	15	8	16
10	66	3	5
0	10	3	17
1	10	1	7
2	22	5	4
0	10	1	21
2	26	1	35
2	23	1	24
0	34	1	32
3	21	1	94
2	34	1	9
1	1	6	21
1	17	2	41
1	33	0	94
2	7	1	29
4	60	2	65
0	3	2	67
2	8	1	38
5	31	0	115
1	24	2	59
0	10	0	16
1	28	2	8
2	2	1	27
1	17	5	2
3	22	5	54
0	12	2	97
1	19	0	23
2	6	4	34
2	19	0	20
4	13	3	38
0	35	0	30
1	31	1	5
2	1	3	45
0	3	0	3
2	47	0	3
1	39	2	20
0	69	1	3
0	46	2	10
5	47	0	23
0	2	1	14
1	2	7	22
11	1	3	54
2	7	1	23
4	17	0	65
6	30	0	3
8	9	2	1
1	18	1	54
5	54	0	5
19	10	1	3
2	32	0	15
2	10	1	36
3	14	3	42
1	33	11	55
0	16	6	12
2	7	2	146
5	35	2	16
13	8	3	43
3	32	1	43
2	31	2	18
5	9	3	33
0	18	1	40
1	8	6	38
0	71	2	2
1	56	3	50
0	19	4	9
1	13	3	10
6	5	0	4
0	9	1	35
3	24	1	101
1	14	5	65
0	13	4	12
4	19	1	47
1	16	1	92
0	4	3	6
1	141	0	8
0	48	0	15
3	32	0	79
2	13	2	38
3	2	1	5
2	44	0	20
2	6	1	49
3	1	0	3
2	34	1	79
3	45	1	17
2	13	0	17
2	56	3	43
0	9	4	8
2	60	1	8
1	3	1	18
2	95	4	4
2	98	0	23
1	6	1	52
7	82	1	7
1	6	2	33
1	13	1	44
0	28	1	0
4	34	1	69
1	13	2	57
0	26	1	8
4	57	2	34
2	6	1	42
2	27	0	57
1	1	1	43
1	25	2	5
4	26	1	37
1	16	1	52
1	21	2	14
0	5	1	7
4	7	3	19
3	31	2	7
1	20	1	4
2	31	2	52
4	6	1	9
2	21	1	46
0	7	0	48
8	72	2	45
1	18	3	16
1	31	3	1
1	39	4	30
1	23	0	4
4	4	1	39
4	22	0	60
1	13	12	23
1	20	2	2
2	19	0	15
1	29	1	8
2	1	3	20
4	53	0	13
4	22	0	15
2	27	1	22
3	63	1	5
2	20	1	46
0	3	1	23
1	8	2	1
2	56	3	115
0	42	2	5
4	3	0	26
5	25	1	22
1	134	0	19
1	25	3	14
0	6	6	40
1	7	1	47
0	25	1	21
4	28	2	15
2	4	2	46
0	56	17	26
0	10	1	3
0	6	1	63
2	20	2	43
1	18	1	36
1	11	2	9
2	37	2	19
1	21	0	24
2	25	2	164
0	47	3	8
4	78	5	1
0	9	1	21
6	103	0	5
1	45	0	2
2	26	1	18
0	8	1	139
0	9	0	17
1	10	5	48
1	61	3	18
1	2	3	31
1	30	6	9
4	17	1	21
3	30	0	22
4	32	1	11
1	23	1	9
3	5	5	52
4	25	1	5
1	34	3	123
5	197	1	9
3	36	4	21
0	29	2	36
3	36	5	2
3	5	3	15
1	14	1	42
0	51	0	14
9	46	0	32
4	15	0	9
1	11	1	4
1	75	4	45
1	9	10	61
4	39	4	25
2	12	0	55
1	17	0	38
0	73	4	68
6	112	1	18
1	87	1	11
1	47	3	12
2	19	2	5
6	38	2	57
0	1	1	38
0	11	0	9
0	7	1	13
1	16	0	17
1	10	1	75
0	63	3	32
4	0	3	29
3	29	2	5
1	19	1	34
4	3	1	85
4	29	5	34
4	1	0	16
2	50	7	16
6	93	0	54
3	6	1	107
0	12	0	4
0	62	1	1
1	10	1	101
3	15	2	16
4	65	2	28
1	11	2	26
1	16	0	9
1	28	1	388
2	7	2	45
3	47	3	14
0	108	1	19
9	24	0	67
7	22	1	14
1	0	3	14
3	39	2	14
0	30	1	25
4	11	1	8
7	10	3	14
0	12	3	6
2	22	2	8
2	3	1	10
3	12	0	17
0	31	4	13
0	32	2	10
8	29	0	19
1	44	1	22
0	92	1	8
3	31	0	23
1	1	2	22
6	54	3	115
4	34	1	10
1	12	2	89
1	10	0	22
0	47	0	6
6	6	3	106
2	4	2	42
0	8	4	28
1	17	1	21
1	20	1	13
1	49	0	80
1	65	2	43
1	20	6	41
0	48	2	14
3	15	1	19
3	58	2	14
1	13	1	53
2	36	4	14
2	3	5	57
3	25	0	50
1	38	0	15
1	20	0	9
1	31	1	2
0	86	1	77
4	23	1	41
0	29	4	15
4	2	1	44
5	10	2	57
1	6	2	11
1	82	1	38
2	41	0	14
2	41	0	11
6	12	1	11
0	110	2	2
1	1	1	4
8	34	4	6
0	47	3	19
1	11	1	26
6	7	0	6
1	116	1	31
2	15	0	4
4	52	1	21
4	23	1	33
4	25	0	49
0	12	1	9
1	119	7	0
1	107	2	48
1	25	1	13
0	25	6	63
6	9	3	34
7	7	4	1
2	47	0	31
2	18	2	125
2	19	1	31
4	39	1	8
0	48	1	13
1	2	1	18
1	27	0	12
3	52	2	5
2	30	4	31
1	26	0	5
2	38	7	8
0	97	3	6
2	14	1	31
2	56	2	48
3	4	3	26
0	39	3	21
2	122	7	16
5	66	1	73
0	6	3	4
1	22	1	32
3	7	0	19
0	7	1	72
3	21	2	19
5	20	0	70
2	7	2	9
0	25	0	98
0	29	2	71
2	35	1	28
2	19	1	31
4	3	2	47
1	6	1	7
1	4	2	43
2	2	2	26
1	35	0	11
1	19	1	14
3	19	1	12
0	7	0	4
3	57	1	89
2	27	1	6
0	9	2	7
1	14	0	6
3	23	0	3
6	9	0	30
1	4	0	55
1	2	1	8
1	68	1	0
1	6	2	10
2	8	2	12
2	3	2	22
2	23	1	25
1	30	3	1
10	36	2	39
6	8	0	103
0	37	5	3
0	11	3	45
1	21	1	35
6	3	1	25
1	40	5	1
0	5	5	11
4	0	4	8
2	25	0	72
2	17	6	19
10	75	2	19
0	28	5	18
0	39	1	31
1	6	0	2
3	15	0	76
3	6	2	3
0	11	1	19
0	26	0	62
0	6	1	5
0	14	0	8
1	39	0	21
1	3	1	74
2	10	2	7
1	19	0	4
1	29	0	1
1	23	1	22
4	27	0	40
0	21	1	24
1	7	0	70
4	10	0	52
1	67	0	20
1	70	5	2
2	21	5	119
1	25	3	10
0	22	2	12
8	2	1	35
1	5	2	20
0	6	0	1
1	20	8	4
2	0	1	64
3	29	2	7
2	70	0	52
4	24	1	43
6	41	0	25
3	14	0	19
0	16	4	21
0	11	2	1
0	19	6	10
0	51	1	6
1	42	0	83
1	13	2	9
4	9	1	76
2	71	1	42
0	15	3	109
3	17	0	12
2	11	1	7
4	9	3	25
4	1	0	9
1	287	0	17
0	0	0	33
1	37	0	60
5	15	2	32
3	76	1	43
4	57	1	20
1	7	0	58
1	16	0	6
3	8	2	38
0	0	6	41
2	29	6	8
0	0	2	74
5	31	2	11
0	21	4	12
1	123	0	33
2	53	1	102
0	1	3	10
1	38	3	57
3	29	0	8
1	1	1	25
0	84	1	10
1	14	0	35
0	22	2	15
1	25	2	8
1	8	0	3
2	52	1	60
7	2	2	22
1	26	0	82
3	19	0	39
1	180	5	14
2	84	3	38
0	55	1	5
2	17	2	4
2	32	2	32
0	12	4	8
4	4	0	5
7	31	6	33
1	5	2	20
1	33	4	5
3	79	1	97
1	11	1	3
1	6	2	32
3	5	0	38
2	0	1	11
0	34	3	13
5	7	2	27
1	28	2	23
4	8	1	133
1	15	2	31
5	20	1	11
0	31	2	16
1	12	4	4
1	34	0	37
0	5	2	3
2	7	1	6
4	31	1	85
0	77	2	6
1	98	1	24
1	64	2	5
0	140	0	7
1	57	1	21
0	35	2	2
3	7	2	6
1	76	2	17
2	8	0	21
3	3	1	7
1	12	0	28
3	7	5	8
1	40	0	45
4	11	3	44
3	15	2	37
2	7	1	0
2	60	1	15
1	5	13	14
1	64	1	35
0	19	2	79
2	82	6	42
1	15	0	104
3	14	1	76
1	59	1	170
1	10	2	19
1	149	3	1
3	47	1	43
0	61	0	27
1	57	0	17
2	0	4	5
1	46	1	50
1	26	0	90
0	5	3	72
11	18	3	43
2	14	2	38
1	44	1	48
4	24	1	83
1	23	1	25
0	28	2	25
0	3	2	7
3	22	4	14
1	3	1	14
2	9	5	29
2	36	1	4
0	60	10	5
3	7	1	7
6	71	1	4
2	44	0	4
5	30	5	43
2	34	2	12
1	52	1	39
1	61	3	31
7	3	4	23
6	2	1	89
0	17	4	49
0	14	3	4
2	169	1	29
4	17	2	23
2	39	2	62
5	11	2	21
9	69	1	26
5	71	3	75
6	2	6	15
2	26	4	60
1	4	6	34
2	91	4	9
2	23	1	29
1	7	0	24
2	7	0	19
4	9	8	10
3	16	0	62
1	28	0	24
2	3	0	60
7	57	1	24
2	5	1	79
1	20	1	7
1	16	3	16
1	43	4	118
1	4	0	20
2	5	0	0
4	1	1	68
1	17	2	1
1	32	7	13
10	98	0	40
1	8	4	19
7	114	0	2
1	15	1	16
0	23	2	19
2	19	3	32
1	1	2	4
0	35	1	26
1	5	2	32
0	1	1	29
0	46	9	46
6	0	1	64
1	8	1	55
2	56	2	22
1	71	0	2
2	7	4	108
2	66	1	1
1	3	0	14
0	9	2	35
1	21	5	2
2	47	1	36
0	6	6	57
4	7	1	13
1	140	3	8
1	15	0	11
1	17	1	46
3	13	0	39
0	99	1	59
6	32	1	21
1	3	4	78
7	14	1	15
2	19	1	40
3	144	0	33
0	5	2	25
0	26	2	32
3	57	1	129
0	8	2	6
0	1	5	6
1	19	3	10
1	7	3	152
1	3	3	41
5	71	2	193
0	17	2	61
1	57	1	12
1	16	2	88
2	20	2	0
1	49	1	79
5	10	1	118
1	49	1	13
2	31	7	96
8	5	1	34
0	13	8	59
1	44	0	2
1	2	3	2
2	33	2	22
0	0	4	40
4	4	1	43
2	16	5	17
0	21	1	54
2	24	2	2
0	32	1	9
5	33	1	4
2	28	1	34
2	26	5	22
3	24	0	4
1	37	6	115
1	1	1	51
0	88	4	5
2	30	1	26
2	25	1	52
1	44	2	6
2	74	2	47
4	3	1	16
5	8	3	39
1	41	4	107
4	31	4	18
3	32	2	4
1	18	0	108
2	10	2	25
0	23	4	34
1	16	2	8
1	25	0	39
4	14	1	1
1	5	1	14
3	17	1	1
1	56	2	37
4	31	2	37
1	17	2	14
0	9	0	12
0	117	1	18
2	16	4	1
4	17	0	9
1	3	0	15
0	19	1	37
1	66	0	22
3	41	2	13
1	34	2	9
4	1	1	44
0	2	1	33
4	7	0	26
2	86	2	3
7	88	3	52
0	46	2	32
5	7	0	145
2	99	2	5
4	23	0	10
0	1	0	18
3	106	1	6
0	78	0	5
2	27	4	2
1	18	2	55
4	21	0	27
0	44	0	7
1	17	3	23
1	17	1	3
0	5	1	14
1	88	1	11
0	25	2	35
2	29	1	37
0	61	2	5
1	12	4	9
3	1	1	31
1	21	2	20
1	13	0	28
5	58	0	35
2	8	1	59
1	21	7	31
3	7	2	3
2	90	0	0
1	15	1	56
6	27	2	17
1	16	0	52
2	7	2	15
3	12	3	14
2	3	1	14
6	57	1	91
1	3	2	31
4	3	2	1
4	18	2	25
3	6	0	38
5	47	4	15
1	36	0	9
1	25	1	2
4	6	1	2
0	21	1	82
3	5	3	30
5	99	2	57
1	74	1	59
1	9	0	42
2	16	1	52
4	5	0	1
2	0	2	39
0	37	1	5
9	80	2	15
5	3	0	24
0	36	0	2
1	10	1	88
1	55	3	6
1	90	1	51
1	11	1	17
1	96	0	86
2	2	10	15
1	10	1	21
2	6	2	3
2	42	3	49
8	10	2	26
3	69	3	1
8	3	0	66
2	10	0	7
1	14	0	43
4	12	2	29
1	9	1	125
1	14	1	8
1	1	2	41
0	1	0	70
3	42	2	17
1	17	2	68
1	52	0	10
5	15	2	41
0	31	1	16
4	8	2	35
2	23	0	26
1	44	0	9
1	37	1	1
2	4	4	23
1	13	1	22
2	10	1	33
1	6	0	4
6	20	2	5
0	27	2	70
0	21	0	15
0	18	0	33
1	16	3	100
1	53	1	34
2	69	2	6
1	21	0	38
0	4	7	16
3	18	0	40
2	32	0	19
2	15	0	3
4	22	1	47
3	10	4	69
1	36	3	64
1	13	1	54
0	14	0	8
5	85	2	15
4	29	1	69
2	87	0	16
1	20	2	108
3	6	9	12
3	12	1	39
3	14	0	43
0	27	4	70
3	51	1	48
7	14	2	14
3	8	0	11
0	60	7	22
2	19	5	133
2	30	2	32
3	9	1	76
0	52	1	7
0	7	1	23
2	1	3	5
2	5	2	8
2	53	7	22
1	6	1	1
2	1	0	35
1	17	2	6
1	31	2	73
3	21	5	84
6	16	1	41
3	5	1	154
0	8	4	36
1	21	0	33
7	24	2	10
1	68	1	103
0	7	4	17
2	102	2	20
0	32	3	58
1	9	1	5
1	30	1	5
1	31	2	15
3	11	1	26
1	12	2	45
2	29	2	30
6	28	1	15
2	24	0	6
6	37	4	22
2	73	1	76
3	39	5	9
1	22	5	74
3	117	5	26
3	16	2	16
2	22	3	80
3	30	2	20
5	83	2	34
0	29	1	32
4	49	1	1
0	53	0	30
4	28	3	91
0	12	3	46
0	74	0	47
0	15	1	31
1	17	1	120
2	3	1	17
1	23	0	118
2	5	0	13
0	4	1	16
0	1	1	4
2	36	2	12
1	37	0	81
1	9	1	14
0	20	2	86
1	25	1	30
0	14	0	37
0	23	1	25
2	44	2	36
0	17	0	14
1	53	2	2
4	46	2	33
4	14	1	22
0	14	2	1
2	84	1	3
1	30	0	99
4	20	0	52
1	30	0	26
1	6	4	58
3	2	4	41
11	66	0	64
0	1	5	31
2	132	3	19
1	4	4	66
0	7	1	45
0	36	2	50
5	10	3	7
3	11	0	1
3	8	2	1
2	4	2	16
1	37	3	29
1	37	0	13
1	17	2	30
1	12	1	5
7	19	3	90
1	61	1	79
0	23	0	38
1	35	2	26
0	31	0	103
3	9	1	15
2	76	2	13
3	15	0	1
4	30	1	9
2	40	5	100
1	4	0	40
0	3	1	65
5	10	2	5
3	48	1	57
1	42	2	20
0	50	10	53
1	10	1	7
0	15	3	18
1	42	1	61
1	12	0	30
1	42	3	13
1	51	1	178
0	4	4	66
1	56	0	27
1	19	1	21
2	21	3	101
3	45	1	8
1	56	0	45
3	63	1	81
1	32	4	13
3	24	4	67
1	25	1	26
2	0	3	199
3	50	3	13
1	32	1	27
1	18	0	65
3	25	4	4
4	60	3	81
4	64	3	40
0	64	0	24
2	82	5	27
5	9	2	22
1	46	9	80
1	36	2	24
1	4	0	19
1	4	5	40
1	9	2	5
0	95	0	15
2	13	2	28
1	98	2	40
1	25	0	60
5	31	1	19
4	125	3	55
3	1	3	73
0	40	5	60
3	123	5	13
0	43	1	64
3	42	1	107
7	86	1	20
4	38	1	5
0	8	2	24
1	48	2	10
3	108	1	90
1	38	0	88
4	2	0	38
3	34	1	5
2	3	1	119
1	9	1	39
1	6	5	23
0	3	2	12
4	4	9	43
0	25	0	24
1	24	4	9
0	86	1	11
0	74	5	21
1	39	2	10
1	18	1	47
0	28	2	18
1	7	1	73
5	33	0	47
1	12	0	13
0	12	3	28
3	207	2	28
2	1	5	11
1	0	2	40
0	4	2	18
1	53	1	40
2	47	0	5
2	20	1	10
0	13	1	20
3	6	0	2
1	33	0	8
7	29	1	101
1	9	4	24
11	22	1	35
4	19	0	63
2	10	2	51
2	23	1	5
0	6	0	19
7	24	2	58
7	112	4	83
4	29	0	26
5	25	1	16
1	50	1	45
2	28	1	39
0	22	4	9
2	4	1	18
3	2	1	65
2	2	7	62
5	43	0	44
0	110	2	10
2	5	0	14
1	42	0	1
5	3	2	56
3	46	0	4
2	32	1	17
2	19	2	45
13	30	5	28
2	66	3	26
0	20	3	9
2	47	2	57
2	9	3	8
1	8	0	31
5	9	1	16
1	35	1	1
4	24	2	46
7	11	4	17
1	63	5	1
1	14	2	1
2	36	0	15
2	2	6	33
2	85	0	11
1	61	4	80
2	23	2	2
3	23	3	37
2	70	1	2
1	79	3	70
3	3	1	47
1	18	0	60
0	5	1	37
2	15	3	10
2	4	5	48
0	12	2	122
1	31	0	3
7	19	0	48
6	29	0	51
0	6	0	12
0	46	1	42
1	4	3	37
1	126	2	4
1	2	2	110
1	30	1	17
0	60	3	94
4	71	5	45
2	22	1	3
4	2	1	19
2	7	1	33
1	62	0	46
7	13	4	62
3	11	1	5
3	55	2	19
1	107	1	89
4	20	5	18
0	11	7	38
1	41	0	101
1	48	3	20
1	66	0	3
2	0	3	2
1	24	3	43
2	76	1	8
2	20	1	21
4	26	1	42
1	19	1	34
0	11	0	5
5	10	0	6
1	31	1	48
1	39	1	68
3	6	10	37
0	26	1	32
2	16	3	50
3	4	3	6
1	40	1	23
0	18	2	18
5	6	0	7
1	3	0	7
1	50	4	108
2	18	1	5
6	14	1	70
1	29	0	21
2	2	0	39
1	41	0	44
0	12	1	101
2	9	1	1
1	5	3	74
0	18	2	13
2	5	5	3
0	40	1	12
2	22	3	46
3	39	0	57
1	45	1	41
1	49	1	8
1	14	2	5
3	55	2	61
1	40	1	12
5	56	0	12
2	16	2	46
1	36	0	21
2	17	0	13
1	183	2	16
3	3	0	31
0	1	0	17
2	16	9	34
0	10	1	6
1	119	3	20
4	4	1	41
3	15	1	43
2	14	0	44
1	20	1	57
4	14	1	5
3	10	0	58
1	12	2	62
2	46	2	17
0	71	3	42
5	6	1	75
1	52	0	45
1	2	2	43
5	16	1	11
0	13	1	1
3	90	1	29
4	9	1	21
0	8	1	11
1	18	3	29
2	35	1	53
1	5	4	27
9	2	2	31
2	36	4	61
7	55	1	112
3	30	1	34
0	67	1	4
4	45	1	5
6	21	1	0
1	39	1	7
1	83	1	16
1	14	0	34
2	56	5	47
0	23	6	19
1	68	0	16
2	12	5	46
1	24	1	18
3	16	0	46
3	35	0	15
1	74	0	30
1	2	2	1
2	24	2	21
2	14	1	15
3	17	3	24
0	0	1	11
0	98	1	73
4	7	1	11
0	2	0	45
2	8	2	50
0	14	0	24
1	40	1	8
0	32	0	10
1	13	0	15
0	33	1	37
0	24	2	1
2	7	4	46
0	27	1	21
1	102	0	15
2	13	3	11
3	7	1	11
2	79	0	93
6	13	1	6
1	13	1	13
1	52	3	22
1	3	3	34
2	58	0	20
4	65	2	12
11	7	0	16
0	7	3	17
3	75	1	7
2	23	3	19
4	31	1	35
0	102	0	30
1	2	7	14
2	9	1	2
3	18	1	1
0	26	4	136
0	59	0	6
0	156	0	22
2	31	2	14
1	20	0	87
4	19	1	26
0	7	0	17
5	6	1	33
3	37	1	9
2	3	6	7
1	11	1	16
2	23	5	38
2	1	1	49
0	6	1	14
6	11	5	6
4	6	1	87
5	11	5	20
1	28	1	65
0	53	0	192
1	23	1	21
1	22	3	16
1	7	1	11
5	63	5	40
4	3	2	3
1	34	0	15
1	20	0	58
3	4	1	7
1	7	5	23
0	47	1	7
2	27	0	62
1	6	1	24
0	5	2	51
1	30	1	13
0	6	1	36
3	27	2	29
4	8	3	40
1	25	2	26
3	15	4	25
3	3	3	14
8	85	0	28
0	35	4	29
1	22	2	31
4	5	2	9
0	37	0	46
1	3	1	45
6	4	1	26
2	10	6	13
2	55	0	1
0	30	2	77
0	6	7	13
1	29	0	59
2	35	0	44
1	7	2	43
1	3	1	54
0	49	2	6
2	62	4	52
1	11	6	79
1	25	1	0
3	28	3	5
7	14	1	81
3	23	3	4
6	1	0	10
1	89	6	31
2	21	4	77
0	12	0	29
6	98	4	82
1	13	2	1
0	13	2	1
2	33	1	51
13	6	6	17
3	23	1	7
1	5	1	14
2	20	1	7
6	16	0	12
0	21	2	74
0	64	0	149
0	7	0	7
4	13	3	6
1	26	3	44
0	28	4	36
3	14	2	2
0	72	2	18
0	5	1	7
1	40	0	20
2	8	2	26
1	6	0	37
2	19	1	1
1	25	1	5
1	3	1	37
1	7	0	17
0	26	0	62
1	6	1	30
0	20	3	4
1	109	0	2
2	3	1	76
0	8	2	12
2	1	1	4
1	28	1	48
2	5	3	11
8	39	0	19
1	88	3	33
6	81	0	4
3	9	4	57
1	4	3	2
2	52	1	0
6	5	4	12
0	42	1	23
9	18	0	17
2	20	0	28
1	80	1	39
10	37	2	12
0	17	1	24
1	54	2	126
1	4	0	20
3	49	0	60
1	93	1	39
0	24	0	4
3	21	0	15
3	42	1	30
0	9	1	41
1	9	0	39
2	42	1	14
2	72	1	76
1	10	2	16
3	88	2	3
1	43	1	8
3	48	1	53
1	58	0	19
1	67	2	82
0	14	1	98
1	15	2	14
2	42	0	5
1	33	4	14
1	47	0	48
0	12	0	46
3	41	1	96
3	5	0	106
1	15	10	35
2	11	1	6
0	15	1	3
4	5	2	28
0	12	4	56
0	69	4	80
0	138	4	2
2	6	0	0
3	1	0	2
2	106	3	19
2	2	1	0
0	16	0	33
0	58	0	43
0	38	1	65
2	1	0	28
0	8	4	4
1	49	2	18
1	17	1	28
1	4	1	6
0	10	0	165
1	40	1	17
1	12	4	25
2	4	1	29
1	61	1	3
1	19	0	12
1	92	2	12
2	30	1	0
0	3	1	1
1	1	2	27
0	21	2	24
7	51	2	11
2	58	1	3
1	108	1	113
5	0	2	0
0	14	1	64
1	45	2	34
1	24	3	60
0	27	1	22
2	8	2	5
2	44	1	47
0	13	1	15
1	51	2	2
1	54	0	19
1	13	0	85
2	69	1	39
0	33	2	68
2	117	1	7
0	1	1	31
0	23	1	2
4	12	4	9
2	17	4	2
1	3	1	40
3	40	1	21
6	5	5	70
1	20	3	17
2	113	0	2
4	150	1	29
0	24	2	13
8	13	6	1
2	42	4	14
4	6	0	6
4	3	1	12
6	9	3	45
0	83	5	1
1	2	3	211
0	3	1	20
3	43	4	44
5	4	2	31
1	21	3	87
6	10	0	73
5	13	3	31
0	3	2	23
1	38	0	35
1	7	3	21
2	4	3	134
0	106	1	6
1	21	6	14
3	41	3	61
1	57	0	14
4	47	3	14
5	83	2	6
3	43	2	8
0	14	1	17
7	9	0	47
7	3	6	27
1	31	6	69
1	8	1	1
0	15	3	45
1	1	7	26
1	53	2	43
1	11	2	69
2	2	2	2
6	44	3	34
1	32	2	19
2	12	2	53
2	1	1	25
3	9	2	34
8	33	1	38
0	5	0	13
1	9	1	18
4	21	0	31
7	5	7	98
2	29	1	42
0	17	2	18
2	9	5	131
0	124	1	10
7	60	0	16
1	7	3	8
1	39	11	17
2	1	1	9
1	29	1	45
2	23	5	17
2	38	2	43
1	78	2	3
1	41	1	26
4	23	0	42
1	12	0	67
2	15	2	47
3	28	0	2
0	48	1	2
2	52	5	12
2	69	7	68
1	34	0	4
2	20	3	24
1	23	1	148
1	23	2	5
2	84	0	48
8	7	2	24
1	66	1	0
1	77	0	155
2	12	2	38
0	19	1	8
3	13	1	11
6	44	8	63
1	45	1	68
0	19	1	34
5	37	1	13
5	3	0	42
3	36	1	6
1	16	0	7
1	7	0	8
6	51	1	7
1	23	5	19
1	1	1	2
0	40	0	8
0	11	4	22
4	84	3	12
1	6	3	5
5	14	3	107
2	45	0	0
6	9	1	6
1	23	5	108
1	45	1	37
1	50	1	52
1	6	11	28
2	25	0	31
6	18	0	23
1	25	2	9
7	13	2	16
0	49	1	9
3	7	3	18
3	9	1	55
1	65	1	0
0	13	1	33
6	33	0	17
3	16	0	28
6	12	1	31
4	59	2	20
2	12	1	29
2	183	1	35
0	0	1	5
1	8	2	1
1	55	3	42
2	23	1	2
3	6	1	16
5	4	1	21
2	20	1	7
4	24	7	51
1	7	0	26
0	9	2	1
1	9	0	36
1	5	3	2
1	39	1	2
2	11	0	6
0	1	0	10
0	25	3	39
0	113	0	72
3	80	4	16
2	19	3	6
1	51	1	8
6	0	1	18
1	19	4	62
2	47	4	47
0	14	2	4
0	41	4	37
0	8	1	11
1	2	0	7
0	3	2	100
2	111	1	14
4	58	0	30
6	46	1	51
3	5	3	82
6	53	5	1
0	9	3	101
2	21	0	56
2	137	5	26
4	78	4	6
1	8	4	94
1	5	1	32
2	76	1	26
2	2	3	8
0	15	2	2
2	13	1	4
0	81	2	9
1	18	6	6
5	20	1	70
3	5	1	39
6	63	0	22
3	20	0	93
1	1	1	92
2	17	1	42
2	16	1	8
4	37	0	9
1	11	3	13
3	13	5	18
3	0	7	9
1	2	1	6
1	11	6	9
2	42	1	55
0	39	1	31
2	45	1	73
4	12	0	91
1	65	3	153
5	35	3	26
8	12	0	1
0	50	2	4
2	1	0	35
1	46	0	73
0	49	1	18
0	45	2	11
3	33	2	21
3	2	1	41
13	0	2	159
1	13	1	0
0	20	3	32
1	23	1	8
2	3	3	95
1	0	5	42
2	8	2	20
1	11	5	21
2	1	1	62
0	2	0	71
1	10	0	3
4	37	0	19
0	18	0	73
3	59	1	12
1	15	0	36
0	66	1	107
1	66	1	30
4	29	2	19
3	11	2	21
3	37	2	19
0	8	0	29
2	49	1	27
3	56	5	34
3	38	1	18
4	64	1	30
1	51	0	11
3	7	0	10
0	31	1	7
3	5	3	8
1	10	1	15
2	14	9	13
0	29	3	0
2	6	1	27
0	12	2	18
2	0	0	50
4	21	1	13
2	2	1	29
0	11	2	4
2	38	2	76
5	98	4	4
1	16	1	31
4	42	1	8
3	27	3	87
2	2	0	53
0	29	1	29
0	4	0	7
2	6	1	2
2	42	7	4
0	1	0	19
3	29	3	16
2	10	0	106
2	10	0	3
2	4	0	11
1	34	3	11
4	16	2	27
2	1	0	41
3	16	5	58
7	30	2	5
5	30	0	41
2	12	3	21
0	21	1	59
0	31	2	46
2	28	2	29
3	34	2	4
4	6	3	37
2	22	2	36
1	56	4	101
3	25	1	7
1	11	1	62
1	20	4	1
3	35	0	30
1	10	0	11
5	53	1	13
4	130	0	78
1	84	2	61
2	61	2	31
1	49	1	10
6	82	4	16
0	17	0	7
1	233	4	5
1	28	4	1
1	22	1	12
1	14	1	16
2	10	8	49
4	28	1	2
2	26	1	21
2	3	2	6
2	9	2	7
2	152	1	95
4	63	0	51
3	34	2	4
1	7	0	84
1	10	1	7
1	0	4	1
1	1	1	33
4	6	2	1
1	37	1	18
1	17	1	66
5	5	2	13
1	41	8	10
3	16	1	58
0	62	3	28
0	175	3	7
3	12	1	0
0	2	1	23
4	9	5	4
1	28	1	18
0	57	3	14
7	0	2	28
1	71	3	14
1	8	3	109
3	12	1	103
0	13	1	3
4	80	1	12
2	45	0	16
0	12	7	1
3	15	0	6
0	12	3	10
6	1	2	7
0	13	2	45
0	4	2	5
5	9	1	113
3	38	8	53
1	66	4	64
1	67	2	18
3	0	1	13
0	7	0	11
2	156	3	13
2	57	1	56
0	16	0	23
1	23	0	52
3	0	1	6
3	37	2	11
5	6	0	55
1	8	3	113
0	9	2	12
2	12	2	0
1	101	1	1
0	38	2	4
5	63	1	1
1	10	1	27
1	67	0	16
0	38	4	14
1	29	1	26
0	32	3	8
1	11	1	0
1	33	0	16
1	5	2	117
3	3	1	21
3	15	2	29
0	1	0	5
13	5	2	2
0	5	3	14
1	25	1	4
1	18	0	24
6	47	2	1
0	18	0	80
5	26	4	28
0	12	1	3
0	28	1	0
0	53	3	4
0	23	5	7
4	22	1	149
1	25	0	118
5	54	0	52
2	12	2	12
0	18	5	76
2	4	1	21
7	16	2	1
0	9	2	15
1	6	9	9
1	53	0	26
1	15	2	24
0	63	1	6
0	9	3	15
0	16	3	1
3	41	1	20
3	0	1	29
3	74	0	93
0	2	5	18
1	2	1	40
3	48	0	13
3	12	1	7
0	13	1	52
1	44	0	14
0	1	1	12
1	14	4	33
0	4	0	5
1	96	2	0
3	18	6	32
1	7	0	8
2	3	1	14
2	12	13	42
0	36	3	22
4	39	4	14
1	0	2	34
1	6	4	8
2	18	6	34
3	3	1	0
2	22	1	36
4	79	1	38
2	15	8	16
5	4	6	70
1	4	0	33
2	3	1	74
2	36	1	7
7	7	3	36
2	5	0	37
1	10	1	31
5	25	2	89
1	39	0	13
1	86	1	45
1	37	2	82
3	31	2	47
0	19	0	8
0	91	4	28
0	13	0	10
8	7	1	89
1	28	0	2
2	12	0	26
1	1	0	11
5	30	1	63
1	0	0	18
2	1	1	30
3	70	2	23
0	73	3	14
1	27	9	8
5	25	0	43
0	16	1	15
2	4	1	16
2	5	2	1
0	40	1	8
2	96	4	71
3	46	0	41
3	37	1	24
5	31	1	28
4	27	1	36
1	20	6	48
2	65	1	70
0	19	1	28
3	31	0	16
5	17	4	33
2	38	3	45
2	29	2	15
0	29	2	39
0	33	1	3
1	5	2	19
5	7	3	42
0	26	3	17
2	19	0	12
4	50	1	74
2	6	4	5
3	42	0	132
0	19	5	69
5	46	2	28
1	3	1	25
0	54	2	45
2	122	1	49
1	68	1	47
3	14	4	27
4	10	4	192
5	69	2	19
1	2	4	61
1	11	1	65
1	36	0	8
6	10	3	30
2	60	2	145
1	2	1	12
4	34	0	33
3	3	0	11
1	17	1	13
0	6	0	66
1	33	1	42
0	21	2	2
0	9	1	17
1	8	0	28
11	20	2	5
0	17	0	98
2	9	0	7
4	15	1	8
2	11	4	58
4	14	3	19
2	59	2	10
13	55	1	8
2	5	4	5
0	13	1	41
2	12	3	8
3	6	0	65
1	15	1	3
0	71	0	25
1	21	5	47
2	35	1	0
2	80	2	11
2	61	1	50
0	43	0	178
2	7	3	17
2	8	4	44
2	43	1	55
4	50	5	32
2	8	1	24
1	12	1	4
1	28	2	26
0	91	3	10
1	1	0	46
2	0	2	29
1	0	2	56
3	38	0	33
0	1	2	20
4	49	1	112
5	26	5	2
2	15	0	50
2	17	0	41
1	5	2	25
1	2	1	19
1	45	2	57
3	25	4	35
2	7	0	7
1	58	4	11
1	91	4	51
2	17	1	50
0	6	0	7
1	7	8	57
1	63	0	166
1	16	3	38
2	80	2	30
3	88	1	7
0	8	2	3
4	22	0	8
4	16	2	39
2	4	0	8
1	46	1	41
2	18	0	12
1	16	1	1
6	18	2	8
2	28	2	137
1	25	1	59
0	4	2	42
1	22	1	56
2	54	0	65
5	5	1	112
2	44	1	5
1	7	4	5
1	46	1	47
0	12	2	8
1	4	1	10
1	2	0	15
0	6	0	120
0	8	0	15
6	18	2	83
1	23	1	2
0	7	2	49
1	16	3	4
14	175	0	8
2	60	0	1
2	0	2	0
1	0	1	4
2	8	2	93
0	7	1	42
0	15	1	25
3	34	0	136
1	42	2	66
7	32	5	27
0	37	2	7
1	20	2	37
1	27	2	35
2	20	1	19
4	24	2	13
1	13	3	20
0	2	3	12
0	30	0	63
4	6	2	3
4	55	6	19
4	8	1	12
3	2	2	7
3	145	5	17
1	18	0	50
2	2	7	46
7	88	3	9
0	175	1	61
0	83	2	41
2	9	0	10
1	5	2	20
0	16	1	15
1	1	3	21
1	18	0	33
1	103	4	54
4	25	8	21
1	34	2	51
7	2	0	7
1	23	2	5
2	33	0	23
0	20	2	53
2	16	2	9
8	9	2	11
2	15	0	23
1	96	5	2
0	20	2	3
1	25	2	11
0	21	3	23
5	30	2	6
2	30	1	6
1	63	1	25
9	83	2	12
0	2	1	5
0	11	2	81
0	5	2	23
1	67	3	32
1	18	0	46
8	4	4	12
1	61	0	5
1	99	4	38
2	18	1	33
0	45	0	18
1	0	0	45
0	1	7	12
2	30	1	44
0	11	1	1
1	44	2	9
1	40	5	48
4	22	3	77
1	57	0	20
6	8	0	13
3	12	0	19
1	40	2	51
10	4	0	34
1	2	1	34
1	38	1	35
4	28	1	50
4	4	1	6
1	17	2	10
2	45	9	15
6	3	0	49
13	100	3	13
5	45	0	60
1	16	2	19
3	16	5	31
1	12	1	9
5	28	1	10
3	26	1	4
2	7	1	43
2	14	1	8
2	9	2	4
2	19	8	11
1	10	6	3
6	8	1	56
0	12	0	5
2	75	1	0
5	8	0	86
6	11	3	30
4	3	0	32
0	1	1	48
4	3	1	15
1	16	1	14
1	2	7	13
1	55	1	34
1	82	0	49
0	16	3	4
2	144	1	7
4	22	2	18
3	81	0	2
2	23	5	67
1	19	1	44
0	20	5	28
2	16	2	8
2	34	2	19
0	2	5	8
3	109	3	29
3	51	0	6
4	54	4	58
1	33	7	36
0	97	0	5
2	16	2	10
3	63	1	5
1	56	0	88
1	45	0	26
0	12	1	79
3	27	1	9
1	14	0	8
2	0	8	51
1	93	1	4
1	20	1	9
0	20	1	71
5	11	1	1
3	23	3	39
3	46	4	24
3	71	1	1
1	41	0	44
1	12	5	53
2	41	1	86
1	13	0	5
1	28	3	37
1	3	5	35
2	38	1	45
0	12	1	4
3	7	1	21
2	81	1	42
1	124	3	17
1	10	1	7
4	72	1	11
0	5	1	2
2	8	1	8
1	18	7	2
0	54	1	82
1	7	1	12
4	21	5	82
3	69	4	0
3	13	2	7
1	5	1	99
7	14	1	40
1	42	5	8
1	1	1	13
0	4	2	3
11	16	0	17
1	33	2	0
1	4	3	106
1	66	0	10
5	17	2	10
2	2	2	33
4	6	0	3
4	34	2	10
2	58	0	17
1	2	2	4
3	1	0	67
2	42	3	19
0	1	0	14
4	5	1	124
0	2	1	55
1	15	0	22
5	34	2	69
1	43	1	33
3	20	2	30
9	54	2	2
2	34	1	135
7	4	1	1
2	20	1	3
3	18	1	39
1	6	0	31
3	26	2	5
1	18	1	43
3	34	2	77
1	13	7	87
1	14	3	0
6	88	0	55
1	107	3	14
1	3	3	92
6	37	4	22
1	31	2	50
2	21	5	23
3	153	1	3
0	1	5	41
3	4	1	6
0	43	1	7
2	7	3	75
0	0	3	13
1	11	0	16
1	30	5	53
0	19	0	9
0	34	1	38
1	8	2	45
2	46	4	56
1	2	2	12
0	30	6	19
1	27	3	4
3	6	0	42
1	8	0	38
0	13	0	3
11	11	8	4
0	1	3	138
1	28	3	46
2	100	1	39
1	62	1	40
0	13	2	26
1	11	3	55
4	79	4	92
6	7	1	24
1	1	0	4
1	17	2	98
0	53	1	65
4	41	2	11
0	4	0	2
3	4	2	10
0	24	9	6
8	38	3	71
7	35	1	7
0	4	2	1
0	22	2	44
0	17	3	39
7	28	5	24
3	31	7	106
1	43	1	9
1	12	1	72
3	2	1	28
1	6	1	8
1	111	1	56
3	95	0	43
3	27	3	8
5	87	1	18
1	10	2	15
2	9	2	14
9	59	2	142
3	34	0	29
2	41	1	9
2	0	2	6
3	22	1	17
5	44	1	1
10	10	0	156
3	4	0	8
1	21	3	44
1	48	1	40
1	31	2	17
6	2	1	114
3	4	1	51
3	57	1	19
0	20	1	13
3	134	2	43
0	56	2	18
2	150	1	7
5	16	3	36
5	86	0	35
0	12	8	23
1	29	1	21
2	11	4	17
3	110	2	13
1	53	5	9
1	31	6	35
0	40	1	11
1	20	0	9
4	3	0	3
2	10	1	31
3	106	4	112
1	8	1	27
3	3	2	18
3	62	2	2
1	36	4	10
3	48	4	3
0	15	1	6
2	8	2	23
0	39	0	11
2	14	1	16
1	4	0	33
1	39	1	30
4	79	2	14
1	21	1	34
2	6	1	8
2	15	1	103
1	7	1	0
2	34	6	34
1	5	1	30
3	1	2	26
1	8	2	22
1	89	2	3
1	10	5	37
2	19	0	31
1	7	2	40
2	30	2	48
5	3	1	15
1	33	4	7
4	8	1	18
8	38	4	20
0	66	1	70
0	52	2	12
1	2	1	75
2	1	3	17
1	14	7	11
3	0	0	19
6	32	0	31
3	7	0	29
1	8	2	42
1	10	1	3
0	3	2	19
0	61	1	48
1	36	0	16
1	22	3	87
2	24	7	3
2	21	1	23
0	13	0	44
1	30	1	3
0	48	1	50
1	6	1	27
0	13	2	19
6	79	2	7
2	24	0	50
0	83	2	50
3	14	3	9
3	18	1	15
2	42	6	36
1	4	2	1
3	13	3	1
1	17	0	19
2	7	3	8
1	43	3	3
5	5	0	11
3	5	6	21
0	6	1	34
2	41	0	75
11	7	1	36
1	6	1	39
0	24	1	86
5	37	5	74
2	25	2	23
0	21	3	38
0	3	3	9
1	5	2	56
1	105	3	17
0	2	1	79
1	15	5	7
1	4	0	6
0	67	5	92
1	1	8	14
6	7	0	43
1	4	2	40
2	3	5	0
1	22	1	15
2	7	1	41
1	4	1	2
0	38	2	22
1	64	4	28
4	47	0	21
2	70	0	39
1	34	2	22
3	19	3	21
1	52	1	15
3	77	0	72
2	44	2	27
0	23	1	7
0	13	4	57
1	10	1	10
0	82	2	26
2	20	2	33
4	33	2	2
13	5	0	88
0	13	0	58
2	4	0	71
0	6	2	32
0	66	1	34
0	7	3	3
5	26	10	25
3	2	5	109
0	7	1	15
0	4	2	3
1	35	2	13
4	27	1	24
3	17	3	1
2	3	0	67
2	41	2	32
0	26	1	14
1	31	1	3
1	47	1	2
1	25	2	8
1	11	1	17
0	98	1	55
2	17	0	26
0	18	0	3
2	1	2	69
3	1	1	27
8	17	0	5
1	188	2	10
9	6	2	6
3	49	5	3
4	5	1	12
2	16	0	17
0	62	1	138
0	10	1	19
2	26	2	71
2	20	0	21
3	1	1	21
3	6	4	23
0	9	3	6
4	58	4	6
1	23	1	31
0	5	3	44
1	11	0	13
1	48	3	5
5	33	1	15
1	4	1	19
14	77	7	65
1	13	1	0
1	24	1	31
0	2	0	176
4	3	2	9
1	2	1	6
0	47	7	5
1	8	2	50
2	6	1	50
2	19	1	14
1	13	2	18
1	3	2	2
0	6	1	54
1	35	3	26
2	49	2	49
0	5	4	41
5	27	1	0
1	9	0	126
1	19	1	43
2	66	2	4
2	16	1	16
0	41	0	4
2	29	0	2
4	7	1	96
2	1	1	24
0	5	1	33
5	34	0	41
2	41	1	29
0	19	1	82
0	38	3	12
4	4	4	27
0	21	5	47
8	4	1	28
4	31	1	9
1	3	2	89
6	51	1	16
8	8	5	28
1	6	4	35
1	82	3	127
1	16	3	17
3	54	4	2
4	11	1	57
2	32	2	3
1	5	0	4
6	71	1	11
3	9	1	17
1	4	3	103
1	22	1	75
4	10	2	13
1	198	1	50
3	10	5	52
2	34	0	9
1	33	1	14
0	31	1	91
1	8	4	5
1	29	1	37
3	42	4	9
8	9	8	26
1	96	4	9
1	1	3	10
0	12	1	1
1	5	1	10
1	23	2	39
1	8	5	19
7	36	6	14
0	1	0	84
4	11	0	37
2	21	4	15
1	19	2	6
1	81	5	22
3	10	4	1
3	40	0	78
1	41	0	8
0	18	2	5
0	81	1	41
1	38	2	1
4	14	0	92
0	10	0	2
0	16	2	88
0	79	4	10
1	9	2	42
4	68	0	39
1	16	2	81
2	42	5	67
0	55	8	32
0	14	0	58
2	60	1	48
1	47	0	11
3	59	2	31
3	12	2	56
3	7	3	30
0	49	1	38
2	44	0	172
3	13	1	142
0	22	1	35
1	12	1	40
7	22	1	28
1	43	7	56
3	0	2	19
0	5	0	4
5	17	1	4
1	40	1	12
9	75	0	16
2	59	2	48
5	25	0	85
0	7	1	34
6	1	0	5
1	23	1	10
5	26	3	22
1	23	1	13
0	6	0	32
3	77	2	26
1	36	0	42
3	5	3	37
0	68	0	4
0	53	2	89
2	18	2	7
1	10	5	85
5	31	1	27
3	22	1	4
0	71	0	28
7	5	3	42
0	5	1	2
7	16	1	59
2	29	0	109
5	21	1	3
4	3	2	133
0	29	1	3
6	38	4	7
1	35	2	17
1	49	1	6
6	1	3	2
1	55	1	29
1	0	2	11
1	21	1	10
0	16	1	25
6	0	0	15
5	49	3	46
3	0	0	85
1	46	1	23
1	22	3	27
4	6	1	4
3	7	1	2
7	47	0	8
2	2	2	57
3	11	0	19
1	10	7	90
2	13	4	75
12	169	1	6
2	122	4	40
2	5	0	38
4	6	1	36
1	9	3	21
6	27	1	9
0	39	0	31
8	26	1	1
2	1	1	38
1	10	1	22
3	65	0	15
1	17	1	53
1	60	1	7
1	27	0	9
2	5	5	41
2	4	10	60
4	17	1	174
3	43	2	19
0	16	0	2
1	13	0	97
9	27	5	10
3	82	3	6
1	12	1	27
1	8	1	2
3	48	0	30
1	42	1	14
3	10	0	29
4	17	3	13
0	23	0	29
2	2	0	50
1	16	1	44
1	10	7	11
1	16	0	1
11	96	0	140
2	19	0	18
1	70	0	156
1	37	0	9
2	12	0	11
0	0	1	117
1	4	4	36
1	49	4	126
0	4	1	43
5	32	0	6
5	33	1	6
4	5	1	7
3	0	1	2
2	56	2	7
0	51	0	53
3	12	1	4
0	8	1	49
0	14	1	16
0	49	0	21
2	44	0	40
0	90	3	7
0	2	0	5
2	4	0	7
2	10	1	32
2	32	1	2
1	16	3	79
1	2	5	18
3	2	0	34
5	106	1	131
0	3	2	68
0	58	2	28
5	7	3	6
0	15	2	53
1	8	1	160
1	54	0	69
2	3	0	21
1	17	3	33
1	31	0	6
6	61	1	11
8	21	0	47
1	8	2	50
7	2	3	2
1	7	3	8
1	7	4	89
6	27	2	53
0	79	1	41
1	40	2	12
2	102	0	8
1	143	2	23
9	20	1	28
2	19	0	13
2	25	0	0
5	24	2	27
0	1	2	18
7	55	5	13
6	11	2	11
2	57	0	3
3	31	1	40
4	30	2	5
0	12	1	60
1	8	2	16
1	10	1	35
2	16	1	27
9	132	2	46
4	22	1	66
1	82	0	31
2	25	0	0
3	5	0	21
0	38	1	19
0	54	1	30
1	58	3	77
1	2	4	11
3	25	2	54
1	15	0	33
3	9	2	9
5	3	0	4
1	65	2	48
7	45	3	24
1	38	3	5
3	28	3	20
10	5	2	7
2	19	2	113
2	48	0	40
4	9	1	9
1	42	1	68
2	18	1	26
0	11	1	26
1	3	1	8
5	33	3	7
0	2	1	37
3	18	0	0
1	18	0	26
0	8	3	10
3	7	0	45
0	54	7	54
2	21	1	45
4	1	0	51
5	14	0	14
0	8	1	88
1	18	1	3
1	95	5	57
1	62	2	28
0	15	1	9
2	100	2	5
0	60	3	14
5	25	1	10
1	7	1	40
1	8	3	7
2	7	7	13
2	48	4	14
2	24	2	25
3	39	1	3
4	20	2	13
0	49	1	5
1	14	1	38
4	45	1	35
5	108	0	3
2	49	2	1
1	1	0	29
4	20	0	35
1	3	3	27
2	72	3	11
3	57	1	18
1	14	0	12
7	10	1	18
0	51	0	47
2	40	0	39
1	0	1	52
3	25	3	4
2	4	2	31
1	11	4	6
1	84	0	20
0	174	2	14
3	72	0	53
12	7	1	108
3	47	0	64
1	11	3	92
4	61	2	20
2	45	1	151
3	2	2	52
0	2	2	7
6	28	2	38
0	8	3	13
2	15	0	23
1	22	1	34
2	31	3	7
0	12	1	25
1	37	2	23
9	49	0	19
1	68	2	86
2	2	1	1
1	60	1	37
1	29	4	66
0	1	0	48
0	48	0	42
5	0	4	2
1	0	2	54
5	51	3	3
4	10	1	30
0	6	4	25
0	0	1	16
2	2	1	0
3	19	1	8
0	44	0	83
3	14	1	11
0	4	2	76
0	18	1	19
3	22	1	19
4	40	7	31
1	50	5	41
1	53	0	11
2	50	4	7
4	23	3	50
4	3	5	21
0	12	0	46
5	30	0	69
2	0	1	12
2	1	1	18
4	3	8	35
1	5	5	2
3	0	1	37
2	3	2	7
5	9	5	17
0	47	2	31
1	39	1	93
8	89	4	22
5	13	1	10
7	30	0	15
2	35	1	8
0	63	1	1
2	36	1	12
6	54	0	26
2	20	2	8
0	6	1	11
2	46	2	13
1	2	1	25
1	77	0	20
5	48	0	0
3	31	1	58
6	71	2	8
0	33	0	10
0	27	0	15
3	9	3	46
1	52	1	84
1	31	2	9
0	0	1	86
1	17	2	30
4	46	0	24
3	43	2	65
0	70	1	4
2	3	1	19
2	24	8	15
1	21	1	2
1	1	1	5
6	14	0	5
0	25	1	26
2	10	0	5
3	11	6	9
2	9	2	22
1	32	4	14
4	6	2	20
1	20	1	8
1	14	1	84
2	23	1	2
3	103	1	20
1	0	0	20
1	38	4	53
1	30	2	28
5	30	1	102
1	13	7	66
2	4	2	28
1	39	3	96
2	13	2	1
1	3	10	43
1	36	1	61
2	13	1	25
2	3	2	56
10	36	1	14
0	94	0	3
1	17	1	57
1	33	5	21
2	22	2	15
1	15	0	1
4	20	0	13
0	21	0	81
0	24	2	63
0	8	0	145
1	17	1	26
2	49	0	43
2	18	1	17
2	20	1	29
3	27	0	69
1	106	1	40
2	85	1	32
1	19	3	71
2	3	1	44
1	63	0	60
0	10	3	3
5	8	3	320
2	15	1	4
0	8	4	30
2	52	3	11
2	4	6	98
0	40	1	31
6	51	3	21
1	18	2	24
0	9	0	1
6	6	2	6
4	19	3	2
0	18	0	8
1	19	1	11
1	31	1	9
6	7	1	44
0	4	4	9
1	1	2	45
2	74	2	5
3	46	5	21
0	16	1	58
4	49	1	13
1	18	3	29
1	7	2	2
2	30	0	14
6	46	4	7
1	53	3	31
0	5	2	43
1	27	1	30
4	38	3	33
0	11	1	3
5	23	1	119
3	112	4	8
2	6	1	2
0	6	1	32
2	7	2	28
1	25	0	37
13	7	0	104
3	1	1	12
0	16	0	16
0	24	3	33
3	30	2	39
4	4	4	94
1	39	3	16
3	40	7	47
5	56	1	20
3	8	1	0
14	4	1	7
1	23	3	67
1	13	0	8
1	7	3	4
3	28	1	40
0	0	1	8
1	57	0	98
2	59	1	75
1	7	4	30
0	44	1	17
2	12	0	12
0	8	2	56
3	24	3	8
0	19	0	23
1	13	1	1
3	25	3	28
1	50	2	27
0	11	1	19
2	1	2	6
1	42	1	14
1	17	1	23
3	21	1	4
4	9	4	17
1	76	4	7
2	6	0	22
1	12	0	16
0	30	3	26
0	57	4	25
1	14	0	23
2	11	1	1
1	16	0	69
1	11	3	24
6	5	7	113
11	2	0	17
1	28	0	55
0	19	0	3
5	135	0	2
3	19	3	37
5	22	1	8
1	11	2	2
1	45	0	16
1	7	2	39
1	9	2	93
0	49	1	44
1	3	3	23
2	24	2	1
4	75	3	31
5	23	0	45
6	29	1	58
0	80	1	69
2	4	3	4
3	0	2	135
1	51	1	14
2	26	1	8
3	3	0	41
2	65	0	62
3	58	1	54
1	3	6	113
1	13	2	7
8	38	4	16
0	7	4	8
2	7	1	8
2	4	0	11
1	71	1	10
2	64	2	165
4	23	1	10
1	21	1	67
2	40	1	1
1	22	3	17
8	28	6	67
2	77	1	3
1	7	1	6
6	4	1	43
2	55	0	11
2	0	4	54
1	15	1	34
3	7	0	15
1	21	3	44
2	38	2	14
2	11	0	22
1	8	2	101
2	15	1	11
7	39	1	36
3	10	1	4
1	23	1	2
3	19	3	26
0	24	2	27
1	21	1	21
4	1	2	5
4	69	0	37
4	82	1	74
2	80	1	70
4	15	4	81
1	8	1	73
1	21	1	93
1	40	1	21
4	23	1	21
2	37	0	2
1	101	0	15
1	78	1	9
0	9	1	9
1	8	7	22
0	129	3	37
1	15	1	44
3	18	3	83
1	5	4	47
2	70	2	2
4	42	3	40
5	29	1	24
4	81	1	56
4	43	3	87
1	7	1	10
0	9	1	91
2	3	1	4
2	91	0	51
2	15	0	28
0	34	0	15
0	6	1	3
1	57	1	119
6	19	0	10
0	60	1	36
0	4	1	1
2	11	1	30
1	8	1	30
2	47	1	59
3	14	0	52
1	22	0	18
7	16	9	97
2	2	1	28
1	35	0	7
2	17	1	10
7	7	2	4
2	3	0	81
5	5	4	25
0	70	2	2
1	16	7	4
1	14	1	53
0	53	0	9
0	19	4	190
0	7	4	22
2	42	5	1
2	2	1	10
5	14	0	33
0	27	4	30
1	81	3	78
0	2	7	32
0	31	1	57
4	29	2	75
1	3	2	46
1	5	1	15
3	23	1	33
3	2	1	123
3	72	1	9
0	16	3	93
4	12	1	42
4	58	4	5
2	17	3	53
16	97	2	20
9	31	6	4
1	17	1	6
0	89	5	21
8	47	2	10
4	64	3	56
1	32	4	8
1	18	4	67
1	50	4	6
0	21	1	25
2	22	3	45
3	77	5	2
7	4	2	13
7	3	6	36
3	5	1	4
0	34	2	3
0	1	0	15
3	7	2	19
1	18	2	53
0	42	0	2
3	12	3	10
0	2	1	10
0	2	1	36
2	14	4	11
2	42	1	29
0	35	1	176
1	5	3	23
1	26	2	10
1	1	1	82
4	5	2	41
0	8	8	0
2	13	1	1
2	4	4	52
0	77	1	13
1	92	5	48
7	4	0	46
3	2	2	14
1	9	1	2
1	1	4	6
2	5	1	24
3	30	3	37
1	37	3	11
4	9	2	22
2	28	1	19
2	8	4	77
6	26	2	20
7	57	0	4
1	14	7	2
1	17	3	4
2	70	1	29
1	90	0	33
2	21	2	79
0	36	1	94
4	44	1	17
6	7	7	58
4	22	0	59
1	2	2	29
4	4	2	20
3	21	1	61
1	42	4	40
1	2	2	12
14	47	0	1
2	1	1	31
2	22	0	31
2	3	5	71
2	2	4	20
1	48	4	4
9	37	2	14
3	0	7	5
0	38	2	38
5	30	1	83
4	5	0	56
11	6	1	17
1	6	3	33
1	8	4	16
0	28	1	9
0	20	1	101
0	13	1	8
7	28	0	29
3	30	0	3
0	35	4	24
4	4	2	3
2	13	11	18
5	34	0	5
3	68	1	100
2	45	1	7
2	86	0	27
1	5	0	20
1	70	2	6
2	12	1	26
3	83	4	5
2	4	0	25
3	37	2	7
1	11	1	43
2	90	3	4
2	21	0	2
3	32	0	54
7	13	3	12
2	35	0	2
2	51	1	53
2	12	3	17
0	2	3	27
1	11	4	104
0	7	0	28
7	18	1	3
3	6	2	70
0	35	3	93
6	43	2	18
2	12	2	56
3	6	1	2
2	18	2	7
4	4	1	6
1	3	2	31
3	18	0	3
0	5	3	20
1	10	1	25
2	3	0	38
0	7	5	23
4	1	3	2
3	2	2	8
2	53	5	30
3	111	1	14
8	27	2	4
0	14	6	2
2	11	0	8
1	2	3	15
1	24	1	47
3	2	4	162
2	95	2	53
5	0	1	25
5	29	1	3
4	15	0	12
2	3	3	4
3	7	2	5
1	88	0	15
1	16	2	19
2	2	3	14
0	14	7	3
2	18	9	33
2	30	2	0
5	3	1	34
3	37	4	2
0	36	3	53
1	21	4	98
2	19	1	37
1	26	1	11
2	10	0	75
8	11	1	61
2	12	1	126
3	107	2	111
5	16	3	57
0	18	5	24
3	76	2	27
2	16	0	16
4	92	1	39
2	16	0	171
1	6	0	25
3	43	2	19
1	10	1	28
1	2	3	102
1	8	3	42
5	5	2	12
3	11	1	14
0	7	1	129
0	29	4	126
0	6	2	23
1	85	0	95
2	10	1	13
0	12	0	153
1	29	1	20
3	6	4	19
1	9	1	31
6	7	0	90
7	26	1	47
0	41	2	56
0	24	0	21
1	16	1	42
1	10	2	16
3	15	0	117
6	93	2	5
0	39	0	32
1	6	0	35
2	47	1	117
1	11	1	3
0	25	1	11
4	49	0	14
1	22	3	165
3	19	1	54
2	26	1	58
5	7	3	23
1	59	4	46
3	14	2	6
2	2	1	74
1	28	2	40
4	16	0	15
0	9	1	4
0	2	1	123
2	2	0	33
1	33	5	38
2	3	1	11
4	52	0	15
6	6	2	47
2	39	3	96
5	24	5	4
1	22	1	10
0	30	0	12
0	27	4	84
1	27	4	96
1	6	1	37
5	22	2	6
2	29	2	73
7	4	2	45
2	39	1	6
5	30	1	3
1	44	3	23
0	4	2	0
0	20	0	2
2	41	2	2
5	5	4	3
0	16	3	9
5	47	0	28
4	13	1	7
4	52	0	63
2	7	1	19
1	59	1	9
3	5	1	14
2	17	2	16
0	24	1	152
0	9	1	8
1	7	1	38
1	143	0	15
2	47	4	7
5	14	1	41
3	23	1	21
1	16	4	65
2	7	0	21
2	24	3	17
1	22	0	84
0	61	0	156
1	3	2	36
3	55	0	18
1	3	5	38
5	11	3	7
1	50	2	7
1	44	1	7
4	102	0	62
0	7	1	18
1	81	1	22
3	38	4	10
1	26	2	11
2	13	1	30
3	63	3	42
1	29	5	5
3	4	2	13
1	17	2	6
1	37	0	60
5	44	3	84
8	13	2	153
1	15	1	13
1	20	1	55
1	33	2	36
1	3	2	15
0	45	3	0
1	32	2	26
0	1	4	64
2	24	2	5
1	57	1	24
2	30	2	53
4	24	8	21
3	37	2	19
4	14	0	34
10	43	1	36
3	7	3	23
5	92	1	2
2	53	0	2
6	32	3	38
2	5	1	7
0	4	0	12
2	21	2	25
1	31	0	9
0	1	4	165
5	68	0	9
3	23	0	19
4	10	0	17
0	16	1	26
5	122	1	20
1	11	1	72
2	5	0	70
4	13	2	31
3	6	2	1
4	41	2	16
0	41	0	2
3	2	0	19
2	17	2	16
2	47	1	16
1	33	1	12
1	57	2	152
2	29	3	57
0	18	0	71
0	53	0	22
1	19	0	15
3	3	1	19
2	49	0	0
1	0	3	6
3	62	3	107
5	30	1	25
1	19	0	67
8	29	4	33
2	53	0	25
5	9	1	13
0	86	7	19
1	5	2	7
7	21	0	4
1	23	3	1
11	6	0	4
0	8	2	65
1	15	1	12
1	4	0	73
1	62	0	24
1	32	0	1
1	45	0	44
4	10	1	9
3	4	1	20
5	47	1	0
4	29	1	75
0	62	5	15
0	15	2	6
8	8	0	38
2	26	0	9
2	40	2	5
0	21	1	39
1	50	4	12
1	0	0	16
1	13	1	9
9	8	0	12
2	44	1	0
2	5	1	18
1	29	8	14
3	93	4	50
1	17	0	1
1	143	0	55
3	44	3	36
1	69	1	9
1	41	0	67
2	13	3	75
1	9	0	1
1	0	1	47
3	1	0	15
3	18	2	19
1	68	0	65
1	23	0	5
3	0	1	69
2	61	2	4
1	21	1	48
4	17	1	31
3	4	1	24
1	25	2	49
1	36	1	4
1	6	6	8
1	20	1	6
2	14	1	57
1	26	2	7
2	12	1	12
0	12	0	72
0	8	2	38
6	10	2	25
4	5	1	36
3	24	2	28
1	19	1	11
3	55	1	15
2	97	2	6
1	15	1	26
1	10	1	20
1	8	0	35
4	17	3	82
0	9	13	10
0	35	3	3
1	40	1	72
1	18	3	31
1	16	2	36
20	9	1	106
1	105	4	59
1	59	1	43
0	46	0	3
1	10	1	49
6	16	4	99
1	69	3	4
6	57	0	5
7	42	3	61
1	19	1	13
0	69	1	19
5	40	4	1
0	14	2	8
2	6	1	96
7	14	0	31
3	5	1	2
0	20	2	22
1	6	7	42
1	8	1	23
1	20	2	48
1	127	1	10
2	2	4	48
5	39	1	13
1	46	3	57
2	36	1	76
0	27	0	56
1	23	1	19
4	21	4	10
2	9	2	36
0	19	3	30
1	32	7	15
3	17	2	12
1	93	2	19
0	48	2	27
1	27	1	38
0	23	5	64
5	5	2	23
1	63	4	131
2	7	2	47
0	16	2	48
5	6	8	109
5	47	1	40
2	46	2	8
3	107	3	16
0	21	0	13
3	8	1	12
0	11	1	1
1	21	2	20
1	125	2	15
3	24	5	9
6	122	1	5
5	7	3	94
1	16	0	25
0	16	1	4
1	33	0	19
1	14	1	41
1	17	1	9
5	58	1	53
1	20	1	10
1	21	0	18
5	77	0	79
0	87	0	40
3	22	2	41
4	26	2	5
1	15	2	47
0	32	0	32
4	22	2	24
3	49	2	57
7	27	1	30
1	14	1	54
5	12	1	41
1	19	1	46
1	34	6	16
5	17	1	1
1	7	1	11
7	73	1	70
2	21	4	4
1	93	0	4
3	4	1	4
2	8	1	40
1	9	2	8
0	4	3	10
3	39	2	35
9	92	4	28
1	6	1	11
2	8	1	33
0	29	0	47
1	53	1	58
3	134	1	30
5	14	9	10
1	18	5	45
4	42	0	39
3	44	2	107
3	67	0	7
2	41	9	30
3	12	3	7
1	33	3	102
4	39	0	35
1	8	1	101
1	12	2	30
0	15	0	6
4	19	3	41
1	3	3	10
2	54	1	18
0	1	3	4
0	29	9	26
5	58	5	22
1	3	1	59
2	3	0	43
1	257	1	53
1	54	1	3
0	14	2	18
0	30	0	15
1	35	1	18
4	10	2	1
1	51	0	18
2	6	0	0
6	55	2	33
2	66	2	44
8	46	3	22
1	8	1	14
13	30	0	22
2	15	2	44
6	11	4	9
1	23	2	16
2	8	2	2
3	8	1	3
1	28	0	131
1	3	2	5
1	39	3	2
0	6	3	4
3	27	1	93
2	2	7	43
2	6	0	27
1	6	1	42
0	156	1	64
1	13	1	16
1	4	2	11
12	33	1	2
1	41	0	1
8	17	1	3
1	28	1	25
8	20	0	83
1	5	0	22
0	31	1	17
5	7	7	6
3	91	4	42
1	64	1	20
3	86	1	29
1	23	3	5
1	10	1	8
1	22	1	27
4	25	0	19
1	31	0	55
0	5	1	17
10	60	2	13
1	12	1	19
0	11	1	43
1	26	1	7
0	35	0	15
2	11	1	78
1	36	1	81
0	28	0	33
4	3	4	64
1	9	1	5
0	9	3	33
0	88	0	49
1	7	4	48
7	36	0	6
3	4	0	16
2	17	5	50
0	94	6	2
1	47	0	16
1	15	0	6
5	5	2	10
2	22	1	4
1	24	1	26
2	44	0	0
8	10	1	33
2	4	1	3
5	21	2	5
3	40	3	43
0	3	0	4
0	63	2	17
1	31	6	19
4	8	2	1
0	29	1	11
1	2	1	25
1	9	1	30
2	81	0	39
7	76	0	21
5	26	1	9
8	0	1	20
2	9	3	3
2	51	2	28
3	30	0	34
1	49	3	85
2	71	1	49
7	21	0	21
1	12	0	22
1	9	0	6
1	4	1	48
7	36	1	1
1	12	1	13
3	33	1	14
2	32	2	71
8	40	1	17
5	29	0	25
2	19	5	84
0	21	5	25
1	40	1	44
2	21	2	13
2	14	0	17
6	11	0	66
2	21	3	52
3	138	1	1
1	18	2	12
0	114	2	161
1	15	1	60
1	21	2	17
5	34	1	35
1	13	1	99
2	6	1	86
1	11	1	15
3	32	6	52
2	22	1	44
5	11	2	145
1	23	2	10
4	37	1	112
0	2	0	6
2	44	3	9
3	18	2	14
0	41	2	50
0	32	1	4
1	13	1	55
0	4	0	15
0	13	2	47
3	24	0	75
1	10	1	40
1	5	0	5
1	104	0	80
5	42	0	26
1	0	2	3
0	27	3	10
0	4	4	5
1	41	7	15
2	77	4	66
0	16	1	9
4	4	1	4
3	31	0	65
1	7	1	1
0	23	1	25
2	43	1	143
8	34	6	64
1	22	2	61
3	5	1	17
0	11	1	26
3	18	2	18
7	23	2	41
3	4	0	17
3	24	1	28
1	4	1	29
4	66	1	8
3	6	1	1
1	18	1	2
3	84	2	46
2	7	3	14
2	45	1	4
3	10	1	9
1	17	1	13
2	14	0	11
0	10	2	10
0	13	7	29
1	57	7	23
0	32	10	23
2	31	1	23
3	8	0	2
1	164	6	111
2	95	0	14
1	33	3	48
1	45	0	14
15	71	0	15
0	25	0	13
2	8	1	7
4	43	1	35
2	9	5	52
0	17	0	42
0	14	1	9
1	47	4	7
3	31	2	24
1	5	2	11
2	36	1	25
1	44	1	1
2	35	1	5
1	9	2	62
0	7	0	10
4	11	0	31
6	11	1	33
1	34	0	69
9	20	3	24
2	12	1	11
2	62	2	9
1	19	1	12
2	58	0	81
3	78	5	7
1	3	3	18
2	8	0	0
0	67	2	55
3	1	4	47
10	4	0	5
1	23	1	14
1	21	0	0
2	17	0	50
3	68	1	29
1	17	1	4
3	10	1	21
3	11	1	13
1	11	0	85
1	11	5	53
0	6	1	64
0	11	2	8
0	57	4	26
1	18	2	20
2	5	1	39
2	18	1	74
2	54	0	16
3	13	0	14
2	54	0	44
2	0	4	12
2	12	4	6
8	61	6	3
0	1	0	62
1	11	3	9
4	31	2	19
2	9	1	21
2	9	3	96
1	2	1	42
12	79	1	21
0	8	2	37
1	9	1	1
7	42	1	1
4	12	2	21
2	2	0	9
1	12	1	5
2	22	2	56
5	37	1	45
1	78	3	26
1	31	4	22
2	56	2	31
4	15	1	31
5	23	4	45
2	2	4	97
1	17	1	7
1	18	3	82
1	19	1	34
2	12	2	14
3	79	0	5
0	29	1	81
2	20	1	38
1	19	1	23
4	5	1	40
1	26	1	4
3	2	0	2
3	19	1	107
1	37	6	45
2	22	2	11
1	32	2	19
2	7	0	22
3	18	5	3
9	129	0	23
2	19	5	4
0	8	2	0
5	16	0	28
1	39	1	18
2	38	0	44
4	10	0	33
0	5	2	12
2	1	4	93
0	22	1	16
0	67	3	53
0	46	3	79
1	25	2	119
2	4	1	49
1	0	3	21
4	4	2	14
1	12	1	25
0	18	0	6
0	10	2	18
1	32	1	40
1	49	1	11
0	1	1	52
6	25	1	14
0	17	4	7
3	11	5	15
8	17	2	4
0	16	3	87
6	14	2	61
1	2	0	71
2	0	1	33
0	78	1	17
2	9	0	10
1	52	1	8
3	106	2	135
2	27	4	12
1	39	1	3
5	9	2	16
2	3	2	74
0	13	2	74
0	16	0	29
3	1	0	97
7	3	6	53
5	21	2	69
2	69	0	48
2	25	0	36
2	10	2	50
1	22	0	24
3	11	1	7
1	0	4	6
1	89	0	11
2	13	1	25
0	80	3	28
1	0	3	2
1	1	5	11
1	7	3	41
6	29	2	76
0	9	3	47
1	5	2	5
5	93	1	26
5	105	1	56
4	8	0	54
0	72	1	4
1	15	4	18
2	74	5	160
2	16	2	23
4	57	3	28
4	8	3	40
2	7	3	4
1	2	2	99
1	13	2	9
2	6	2	23
0	27	0	24
1	3	2	1
1	4	2	15
6	5	2	5
2	35	0	20
1	81	1	23
8	8	2	30
6	7	3	3
3	20	4	29
1	23	5	61
3	15	0	20
2	68	0	53
1	11	2	57
5	49	1	0
2	117	3	22
7	5	0	88
3	36	1	39
7	30	1	27
0	7	1	14
1	38	0	26
5	8	0	1
0	28	0	32
4	83	1	12
1	4	3	2
1	3	2	6
1	83	2	30
0	65	1	38
0	7	3	26
2	32	1	32
0	29	4	73
1	13	1	26
0	0	1	54
1	17	1	99
0	4	2	84
2	19	3	24
2	102	5	82
3	20	0	20
0	39	0	12
1	33	3	67
2	70	3	117
4	31	1	16
2	26	1	15
0	9	0	60
0	76	2	3
2	15	1	2
3	13	1	11
0	3	0	73
1	23	1	14
5	11	3	4
2	31	2	96
1	90	4	29
0	26	4	23
0	79	0	234
1	54	1	39
2	52	0	55
2	3	0	51
4	26	1	21
0	48	1	0
0	13	1	9
10	73	4	75
3	55	1	18
1	12	2	1
2	10	0	42
0	9	1	42
3	55	0	33
1	5	0	45
2	16	2	2
0	53	4	123
1	3	1	97
0	13	1	65
4	65	1	3
3	7	2	31
1	2	1	65
1	4	2	13
1	18	2	70
7	9	1	51
1	7	2	35
6	57	1	48
6	87	0	12
5	11	5	8
1	4	0	58
1	71	0	132
1	22	3	10
5	14	1	13
1	31	2	52
2	19	2	25
1	4	7	3
1	30	2	83
2	1	6	53
0	4	1	65
7	6	5	24
1	26	0	8
3	5	1	73
2	32	3	52
3	5	1	18
1	8	2	31
1	2	1	50
3	10	2	14
1	40	0	65
0	4	1	19
3	15	2	83
2	28	4	171
0	43	0	12
3	63	1	136
1	51	1	87
7	15	1	28
1	12	0	7
2	3	1	52
3	33	3	131
2	4	1	11
5	22	4	16
3	19	1	9
0	37	1	0
3	16	5	56
3	12	0	119
3	0	3	0
2	8	3	7
1	28	1	56
5	12	0	5
1	28	1	6
2	5	0	85
0	111	3	49
4	16	1	2
0	31	3	18
4	22	0	7
1	26	6	42
0	8	4	2
4	27	7	2
2	5	3	108
2	37	1	27
2	42	4	44
3	43	0	23
5	30	4	18
3	36	2	104
3	8	0	31
0	13	2	26
4	1	2	3
8	5	2	1
0	6	8	1
0	60	0	22
2	29	0	11
1	64	2	25
0	32	1	27
3	23	2	26
2	35	4	37
1	107	0	5
0	28	6	7
0	25	3	34
0	6	3	1
2	2	1	103
1	39	0	4
1	15	2	5
1	50	5	7
1	43	0	7
0	20	3	50
0	54	3	73
5	88	2	6
4	8	1	34
6	1	2	70
8	74	1	64
0	21	0	5
2	59	1	26
2	31	1	13
2	12	0	61
1	3	3	47
5	13	2	6
3	27	4	41
1	58	1	1
3	0	0	36
0	23	4	118
2	28	1	87
3	9	2	15
1	20	3	20
0	40	1	18
0	64	2	112
0	17	2	0
3	49	4	31
1	2	1	35
3	70	1	98
5	34	2	67
1	7	0	34
2	45	1	14
3	1	1	15
11	39	1	27
2	76	0	0
2	24	0	50
1	19	2	4
2	23	0	41
0	42	1	46
1	23	1	84
0	41	0	8
1	8	1	17
1	68	5	12
1	16	3	2
4	83	1	51
0	21	2	10
0	111	1	18
3	45	9	24
1	0	0	157
1	48	1	58
0	27	3	68
1	2	2	49
2	26	2	121
0	90	1	92
1	35	0	67
1	62	1	76
0	58	1	2
3	19	0	54
0	3	0	56
0	28	2	1
3	2	2	6
2	20	1	19
4	19	2	14
2	0	1	3
5	69	3	19
1	27	1	45
1	59	3	58
1	26	0	49
1	1	5	14
2	5	1	60
1	43	0	29
7	69	0	5
3	68	5	66
2	15	6	48
1	130	0	37
0	7	0	60
2	118	0	29
2	16	6	12
0	10	5	165
3	21	1	21
2	48	1	28
5	17	2	63
0	24	2	13
3	4	4	18
0	55	1	21
3	43	2	50
0	114	6	12
4	2	0	4
2	43	1	27
1	21	3	1
3	2	2	21
1	26	0	88
2	20	0	2
3	49	1	4
1	23	1	18
1	82	1	52
3	21	2	16
0	12	0	27
2	59	1	38
5	13	0	60
0	44	0	5
2	18	3	67
2	54	2	41
1	43	2	54
2	0	1	52
0	10	2	25
2	4	1	66
5	48	2	71
6	83	3	1
0	27	5	103
1	6	2	35
2	2	5	16
1	43	2	1
4	21	1	22
12	47	0	122
1	16	1	26
0	43	0	15
1	37	1	3
0	23	0	5
0	40	0	9
1	45	1	12
2	63	1	23
2	43	1	13
2	7	5	7
0	88	2	65
2	10	4	26
1	41	2	11
3	26	4	39
11	66	1	10
1	20	1	8
0	69	3	31
2	19	3	4
2	97	0	26
0	35	3	3
1	6	1	0
3	33	8	3
0	13	2	140
1	100	2	62
1	2	4	34
1	2	1	9
1	23	3	21
5	6	3	43
3	9	8	53
0	19	1	3
1	29	6	54
1	19	1	0
13	71	2	36
2	50	3	30
4	13	0	6
0	1	1	17
8	26	1	3
1	10	1	34
6	31	6	1
2	37	3	41
0	12	0	37
3	78	1	6
2	2	3	6
1	4	2	28
3	4	4	30
3	18	2	8
1	22	2	18
2	12	4	87
2	95	1	54
1	10	1	8
0	34	5	1
1	43	0	3
6	34	2	21
3	8	1	17
1	14	0	4
2	24	2	37
3	2	6	5
1	11	5	16
9	27	1	16
3	60	3	4
0	47	4	2
0	12	0	21
2	22	7	15
1	4	2	25
2	58	3	86
2	9	1	20
1	117	0	56
1	33	2	65
1	76	2	5
0	1	3	8
1	4	1	36
1	8	1	9
3	67	3	10
4	50	1	110
2	10	1	9
0	16	2	23
1	64	4	2
1	86	3	6
5	24	3	7
1	3	0	4
0	37	3	9
3	55	6	36
1	25	1	89
2	43	0	9
2	8	2	16
0	34	0	4
0	17	5	66
1	14	0	31
0	9	3	0
3	28	4	72
1	11	0	22
1	12	1	12
2	7	0	34
0	42	0	64
3	37	1	34
3	4	0	14
0	169	1	21
2	59	4	2
2	11	3	9
1	24	3	2
10	1	2	75
0	11	1	38
5	6	1	10
1	8	1	23
1	11	1	95
0	35	1	118
0	4	1	91
8	15	4	9
1	27	1	25
13	17	2	43
1	20	0	55
6	11	1	51
1	20	4	14
2	6	0	9
0	63	2	44
6	38	0	20
3	15	1	5
1	9	4	80
8	5	5	5
0	18	1	1
0	50	0	21
2	1	2	15
1	10	0	22
6	8	0	45
4	11	3	40
3	7	3	7
1	4	1	25
3	25	0	31
2	13	3	7
5	11	4	96
7	32	0	5
1	20	9	20
2	42	1	28
2	3	0	7
1	15	1	15
0	9	0	0
0	36	2	28
4	19	0	39
2	27	1	106
11	14	1	14
9	9	1	17
1	50	2	91
0	11	2	43
5	2	2	12
1	3	1	22
1	5	1	15
5	40	2	6
0	10	2	40
1	7	2	31
11	122	1	22
1	28	1	9
5	10	0	15
0	1	1	41
1	81	0	47
5	15	0	6
13	28	2	27
5	104	1	64
1	4	5	14
6	11	2	3
4	35	0	35
1	16	2	21
5	58	2	6
5	14	0	38
5	36	0	34
5	65	0	0
1	13	0	28
2	16	2	14
6	5	3	11
1	2	1	0
2	22	1	4
0	48	0	32
2	9	1	28
2	7	2	179
0	24	2	29
1	12	2	6
1	45	1	3
2	19	3	20
4	6	3	18
2	34	4	5
2	46	2	12
1	9	1	22
1	49	2	80
0	16	3	2
4	25	1	30
5	28	1	29
1	74	1	115
2	5	0	4
1	4	2	9
2	25	1	24
0	16	2	12
3	60	1	5
3	5	2	13
3	8	1	61
0	8	0	6
1	51	11	36
1	26	5	17
0	45	1	26
0	13	0	13
1	8	5	3
2	94	2	2
5	44	2	26
2	42	0	73
3	48	3	36
0	10	2	15
3	81	1	17
1	43	1	48
0	68	1	20
2	9	1	52
4	49	1	53
0	38	15	31
1	8	1	7
2	3	0	20
0	38	0	27
0	49	2	103
1	5	6	29
2	11	3	23
1	30	0	3
3	0	4	2
3	13	0	13
1	67	3	71
6	6	0	61
0	1	2	23
1	0	2	26
5	59	4	22
2	86	4	25
0	8	0	6
1	8	3	68
1	24	4	16
14	14	3	71
3	88	2	19
1	55	0	9
3	38	1	40
2	19	1	8
2	36	2	53
2	21	0	14
0	36	0	23
8	44	11	48
4	71	4	32
1	78	8	38
2	28	2	50
4	64	3	44
1	3	0	41
4	42	1	4
2	1	2	18
1	8	1	70
10	3	3	10
1	10	4	19
0	17	3	42
1	81	1	23
1	22	1	8
0	2	0	35
6	9	0	115
1	156	2	177
0	1	6	21
3	0	1	12
4	8	2	14
2	10	0	97
2	16	0	36
1	41	4	99
2	10	0	102
1	3	2	10
0	45	1	68
0	24	3	18
2	40	0	9
5	52	2	6
1	10	1	6
2	88	0	10
1	8	1	45
0	9	3	8
3	33	3	42
1	8	1	126
5	59	1	24
3	2	3	2
4	26	1	3
4	1	2	25
0	3	1	49
3	19	3	1
2	98	2	91
0	7	1	53
3	27	4	14
2	43	2	92
0	40	1	9
1	49	2	24
4	7	0	9
9	55	0	21
2	29	4	84
2	52	1	2
7	110	0	15
1	16	0	54
1	15	0	37
1	97	2	48
1	13	1	8
4	42	1	8
6	42	3	117
1	3	7	14
0	58	9	10
1	3	6	12
2	7	1	43
1	21	0	7
1	39	1	43
3	17	1	46
2	41	2	16
1	43	3	3
1	12	3	11
1	12	4	15
2	16	0	4
1	53	1	6
3	39	0	2
1	4	1	9
0	2	1	70
11	2	4	50
3	20	2	62
1	95	2	47
0	2	1	7
5	13	3	2
2	32	3	37
1	0	1	21
2	6	1	1
2	29	1	48
6	17	0	7
1	38	4	22
0	13	1	65
3	3	0	21
0	21	0	29
0	21	1	70
2	3	1	39
0	14	1	22
0	25	1	8
1	45	0	109
1	64	3	1
2	56	1	3
2	13	2	127
0	12	0	35
4	22	2	66
10	60	3	9
2	17	0	79
2	2	0	72
1	6	0	57
1	24	1	49
1	33	0	69
1	19	2	74
5	26	2	5
1	39	6	8
1	20	1	5
2	8	2	15
0	17	1	14
1	86	3	12
0	5	0	11
2	36	1	91
6	43	0	1
3	18	0	53
5	1	1	23
5	2	1	5
2	4	1	17
4	24	3	53
1	12	1	24
1	7	5	19
2	7	2	16
1	13	0	67
7	11	3	3
1	22	1	5
3	9	2	51
1	26	2	32
3	39	1	34
2	8	2	6
3	63	2	56
1	75	1	54
0	8	3	115
4	22	1	45
0	14	2	76
1	9	1	21
2	10	0	26
6	15	1	20
3	16	2	53
1	43	1	1
0	20	0	24
5	6	0	43
8	92	2	23
4	17	3	24
1	0	1	65
9	15	2	77
5	40	0	46
2	22	0	33
1	17	2	26
0	25	1	67
1	173	0	22
2	8	4	19
2	31	3	25
3	62	0	7
2	32	4	16
0	31	1	15
1	2	1	45
2	12	1	18
2	11	5	14
0	39	6	12
0	40	1	61
1	96	0	19
2	14	0	55
2	17	0	30
1	1	0	14
1	26	0	28
0	13	1	10
0	65	3	19
5	19	5	49
1	26	8	24
1	17	3	66
1	92	1	33
1	33	1	8
1	10	1	35
1	13	6	20
1	19	2	34
1	43	2	19
3	3	0	2
1	10	1	26
4	25	1	17
4	13	0	41
1	10	3	63
5	55	1	23
3	11	2	64
1	22	3	98
2	7	0	32
2	40	1	53
7	27	1	15
1	6	2	9
3	15	0	54
0	15	0	42
1	111	1	21
1	7	2	104
0	55	0	91
2	5	1	12
2	3	1	19
1	38	1	125
2	40	5	5
0	15	2	103
1	41	1	5
1	18	2	90
6	56	4	10
8	30	2	11
0	12	4	2
2	2	3	16
0	61	1	0
5	23	2	5
3	10	1	114
0	11	0	101
6	2	0	26
3	66	7	32
0	43	0	4
4	13	0	39
3	19	0	37
1	39	3	23
1	19	0	39
2	2	0	19
0	42	1	50
4	2	0	21
1	55	1	92
0	31	9	27
0	2	2	87
1	58	0	6
5	15	2	35
1	15	1	14
2	2	1	43
4	16	0	78
0	38	3	62
3	8	1	1
1	12	0	47
4	13	1	57
0	7	3	37
5	62	4	43
1	3	1	40
1	40	5	34
1	41	2	23
2	38	0	1
1	216	1	8
2	5	2	29
1	9	0	31
3	4	1	8
1	29	2	60
2	43	1	207
2	1	5	44
3	38	3	18
5	10	0	69
1	17	3	4
0	4	1	11
1	32	1	7
1	33	0	80
4	20	0	8
1	18	2	0
1	15	5	4
3	8	1	90
2	3	1	166
1	7	3	22
7	41	2	79
1	46	1	32
5	18	0	24
4	13	3	51
4	19	2	94
0	1	1	2
1	59	1	6
2	68	1	85
3	18	4	22
4	11	0	7
1	22	1	23
1	9	2	7
0	22	3	35
3	8	1	5
3	5	3	7
0	11	2	52
2	42	4	44
3	9	1	36
0	3	2	40
0	46	2	14
3	72	1	0
1	5	1	8
3	79	4	69
0	161	1	3
1	54	1	1
13	14	0	7
0	73	1	73
3	67	2	53
1	3	5	5
2	32	5	26
1	51	4	68
3	7	2	14
1	48	2	4
4	0	0	22
1	35	1	15
3	1	4	49
0	2	2	5
2	14	0	22
1	8	6	6
4	4	0	6
4	34	1	61
2	9	0	5
2	2	1	8
2	5	0	6
3	62	0	11
0	28	4	48
2	3	3	36
3	8	3	0
0	16	2	8
3	15	7	5
9	28	0	21
1	69	4	7
3	7	1	8
0	7	3	8
2	7	0	6
2	32	2	10
1	59	2	48
2	7	0	16
2	43	1	16
0	132	3	1
0	52	4	8
1	10	2	95
2	3	1	53
2	17	4	189
1	24	2	33
6	27	1	29
5	23	3	8
0	4	2	26
1	3	1	55
1	10	0	4
3	9	1	26
0	31	1	80
0	16	0	49
4	2	3	6
0	57	1	4
2	111	1	11
2	9	1	32
3	164	2	4
2	2	0	10
0	14	4	19
10	12	0	126
4	112	5	22
2	15	2	16
0	22	1	35
4	52	4	51
3	27	0	9
2	25	8	26
2	5	2	58
6	0	5	12
3	5	3	62
2	1	1	6
1	3	3	9
0	4	3	28
0	10	0	83
1	15	2	67
2	10	0	236
2	93	2	27
0	8	0	4
4	17	0	7
1	11	3	1
0	2	1	38
1	31	0	10
5	105	2	41
1	35	2	121
2	31	1	10
1	26	1	17
1	20	2	33
1	16	0	7
0	15	1	4
2	12	1	2
0	60	4	31
2	6	1	12
6	24	1	9
3	6	4	1
0	12	2	21
1	13	2	32
14	0	1	9
1	42	1	22
3	23	1	33
2	11	2	13
1	47	4	8
5	5	1	78
3	42	6	22
1	99	0	3
9	11	1	38
4	29	3	45
1	30	2	64
1	11	2	76
6	7	3	49
0	6	1	13
2	16	3	2
2	74	1	62
1	3	0	14
1	31	6	4
1	16	1	5
2	16	0	2
5	27	1	1
1	9	2	79
0	10	2	4
13	1	1	10
8	14	2	44
4	12	3	16
2	27	0	3
4	5	1	2
0	16	1	6
3	9	2	3
3	75	3	46
3	7	1	7
4	5	0	51
2	2	0	7
3	40	1	36
5	45	2	34
0	1	1	17
1	18	1	42
2	31	5	26
1	40	1	14
3	3	2	57
0	4	2	16
0	6	1	1
1	36	2	106
8	15	3	5
0	30	2	139
0	13	3	3
3	75	5	2
1	35	1	16
1	13	0	56
0	13	1	10
3	51	0	1
0	23	2	60
3	30	1	30
2	19	0	31
4	5	0	43
1	29	5	69
1	73	1	43
1	0	0	41
0	17	2	87
2	28	1	17
4	18	5	43
4	23	1	8
4	120	1	72
2	13	1	19
1	60	7	5
3	0	3	29
4	37	2	41
1	3	1	48
1	15	1	6
0	3	1	2
1	3	2	8
1	16	1	13
1	66	3	67
0	6	2	68
3	15	1	60
1	89	0	57
0	7	2	1
2	12	1	9
0	6	1	9
2	98	1	1
0	8	0	0
3	31	3	11
1	3	5	28
1	43	1	63
0	10	0	81
3	97	2	35
0	19	1	38
0	110	2	102
4	12	1	1
0	33	3	15
2	1	6	102
1	41	1	70
2	17	1	31
1	16	1	57
1	35	5	30
0	1	1	39
1	88	1	6
1	13	0	20
5	138	6	96
9	15	3	19
1	36	1	42
3	14	1	24
1	7	2	46
1	46	1	24
2	2	0	47
2	1	1	49
2	33	1	40
1	17	2	22
0	48	3	17
2	18	1	44
2	2	1	55
2	4	1	18
3	6	2	9
3	77	1	3
3	25	2	5
2	2	1	3
1	21	1	5
1	50	3	46
1	14	1	14
4	67	0	25
1	13	2	20
1	34	0	5
4	41	1	1
1	1	1	41
0	14	1	44
0	88	0	2
2	10	2	52
3	2	1	63
4	24	1	11
0	94	2	8
1	42	1	5
0	85	1	20
0	12	1	35
4	53	1	59
4	2	3	25
2	5	4	2
1	39	1	12
2	54	5	2
2	18	2	104
0	22	1	14
1	8	2	60
0	52	5	73
1	1	1	41
0	4	3	15
2	15	0	41
0	54	4	60
3	34	0	4
1	42	3	21
4	13	3	101
0	72	1	29
4	11	4	7
2	18	1	38
4	23	2	44
8	17	3	18
2	6	4	31
5	40	1	97
0	71	2	6
5	14	7	10
2	0	5	2
0	41	1	5
5	9	2	6
6	23	1	9
1	6	2	8
4	75	1	2
6	2	0	9
1	27	4	64
2	21	1	184
2	12	2	90
1	50	3	7
1	54	1	16
3	25	2	7
6	9	5	33
0	16	0	20
1	41	2	106
0	25	3	38
2	21	0	11
2	21	1	10
2	3	0	131
1	63	1	17
7	2	1	31
1	63	4	0
2	20	2	0
4	69	3	16
1	3	3	7
0	4	2	1
4	40	3	28
1	0	4	21
1	22	0	10
2	19	4	8
5	53	2	20
4	11	1	9
1	7	2	64
5	14	3	98
0	23	3	16
0	22	1	6
0	29	1	1
0	11	2	0
2	10	0	4
1	20	1	18
2	19	3	25
1	77	1	27
1	21	2	35
1	74	5	19
2	13	0	10
4	3	3	18
5	12	2	3
1	62	1	48
7	69	2	35
5	7	1	0
2	13	0	8
2	4	2	30
1	52	2	4
2	7	6	9
1	30	0	19
1	58	1	63
0	68	1	36
0	33	2	25
0	1	0	19
2	10	4	10
2	41	3	9
3	7	1	35
2	3	1	19
5	23	3	46
1	8	1	6
0	42	2	5
0	16	2	20
1	33	1	60
0	16	1	28
8	29	1	41
5	27	1	43
0	34	0	23
1	9	1	21
7	6	3	69
3	36	3	30
1	7	1	4
7	13	1	34
