3000	4	100n	N	100n	2	2	P1,P2	0		0.0	1.5	3970	3368	0	0	0	0	0	0	30	0	P1	100r	0	-2	N	0		0.0	0.1	5	20	0	0	0	0	0	0	15	0	P2	100n	0	-2	N	0		0.0	0.1	5	20	0	0	0	0	0	0	15	0
3000	4	100n	N	100n	2	2	P1,P2	0		0.0	1.8	6620	4656	0	0	0	0	0	0	56	0	P1	100r	0	-2	N	0		0.0	0.1	2	30	0	0	0	0	0	0	28	0	P2	100n	0	-2	N	0		0.0	0.1	2	30	0	0	0	0	0	0	28	0
3000	4	100n	N	100n	2	2	P1,P2	0		0.0	1.9	9092	5291	0	0	0	0	0	0	108	0	P1	100r	0	-2	N	0		0.0	0.2	2	56	0	0	0	0	0	0	54	0	P2	100n	0	-2	N	0		0.0	0.2	2	56	0	0	0	0	0	0	54	0
3000	4	100n	N	100n	2	2	P1,P2	0		0.0	1.9	10159	5499	0	0	0	0	0	0	207	0	P1	100r	0	-2	N	0		0.0	0.3	5	108	0	0	0	0	0	0	103	0	P2	100n	0	-2	N	0		0.0	0.3	4	108	0	0	0	0	0	0	104	0
3000	4	100n	N	100n	2	2	P1,P2	0		0.0	1.8	10181	5493	0	0	0	0	0	0	403	0	P1	100r	0	-2	N	0		0.0	0.3	5	206	0	0	0	0	0	0	201	0	P2	100n	0	-2	N	0		0.0	0.4	6	208	0	0	0	0	0	0	202	0
3000	4	100n	N	100n	2	2	P1,P2	0		0.0	1.7	9405	5448	0	0	0	0	0	0	775	0	P1	100r	0	-2	N	0		0.0	0.4	14	402	0	0	0	0	0	0	388	0	P2	100n	0	-2	N	0		0.0	0.5	17	404	0	0	0	0	0	0	387	0
3000	4	100n	N	100n	2	2	P1,P2	0		0.0	1.6	7920	5346	0	0	0	0	0	0	1436	0	P1	100r	0	-2	N	0		0.0	0.6	55	776	0	0	0	0	0	0	721	0	P2	100n	0	-2	N	0		0.0	0.7	59	774	0	0	0	0	0	0	715	0
3000	4	100n	N	100n	2	2	P1,P2	0		0.0	1.3	5481	5004	0	0	0	0	0	0	2383	0	P1	100r	0	-2	N	0		0.0	0.9	237	1442	0	0	0	0	0	0	1205	0	P2	100n	0	-2	N	0		0.0	0.9	252	1430	0	0	0	0	0	0	1178	0
3000	4	100n	N	100n	2	2	P1,P2	0		0.0	1.0	2449	4170	0	0	0	0	0	0	2999	0	P1	100r	0	-2	N	0		0.0	1.1	888	2410	0	0	0	0	0	0	1522	0	P2	100n	0	-2	N	0		0.0	1.0	879	2356	0	0	0	0	0	0	1477	0
3000	4	100n	N	100n	2	2	P1,P2	0		0.0	0.6	743	2501	0	0	0	0	0	0	2005	0	P1	100r	0	-2	N	0		0.0	0.8	2033	3044	0	0	0	0	0	0	1011	0	P2	100n	0	-2	N	0		0.0	0.8	1960	2954	0	0	0	0	0	0	994	0
3000	4	100n	N	100n	2	2	P1,P2	0		0.0	0.5	348	1080	0	0	0	0	0	0	754	0	P1	100r	0	-2	N	0		0.0	0.5	1627	2022	0	0	0	0	0	0	395	0	P2	100n	0	-2	N	0		0.0	0.5	1629	1988	0	0	0	0	0	0	359	0
3000	4	100n	N	100n	2	2	P1,P2	0		0.0	0.5	407	652	0	0	0	0	0	0	249	0	P1	100r	0	-2	N	0		0.0	0.3	642	790	0	0	0	0	0	0	148	0	P2	100n	0	-2	N	0		0.0	0.3	617	718	0	0	0	0	0	0	101	0
3000	4	100n	N	100n	2	2	P1,P2	0		0.0	0.7	683	798	0	0	0	0	0	0	123	0	P1	100r	0	-2	N	0		0.0	0.2	226	296	0	0	0	0	0	0	70	0	P2	100n	0	-2	N	0		0.0	0.2	149	202	0	0	0	0	0	0	53	0
3000	4	100n	N	100n	2	2	P1,P2	0		0.0	0.9	1265	1323	0	0	0	0	0	0	85	0	P1	100r	0	-2	N	0		0.0	0.2	93	140	0	0	0	0	0	0	47	0	P2	100n	0	-2	N	0		0.0	0.2	68	106	0	0	0	0	0	0	38	0
3000	4	100n	N	100n	2	2	P1,P2	0		0.0	1.2	2385	2271	0	0	0	0	0	0	91	0	P1	100r	0	-2	N	0		0.0	0.2	40	94	0	0	0	0	0	0	54	0	P2	100n	0	-2	N	0		0.0	0.2	39	76	0	0	0	0	0	0	37	0
3000	4	100n	N	100n	2	2	P1,P2	0		0.0	1.5	4234	3603	0	0	0	0	0	0	126	0	P1	100r	0	-2	N	0		0.0	0.2	39	108	0	0	0	0	0	0	69	0	P2	100n	0	-2	N	0		0.0	0.2	17	74	0	0	0	0	0	0	57	0
3000	4	100n	N	100n	2	2	P1,P2	0		0.0	1.7	6729	4735	0	0	0	0	0	0	225	0	P1	100r	0	-2	N	0		0.0	0.3	17	138	0	0	0	0	0	0	121	0	P2	100n	0	-2	N	0		0.0	0.3	10	114	0	0	0	0	0	0	104	0
3000	4	100n	N	100n	2	2	P1,P2	0		0.0	1.8	8603	5244	0	0	0	0	0	0	417	0	P1	100r	0	-2	N	0		0.0	0.4	14	242	0	0	0	0	0	0	228	0	P2	100n	0	-2	N	0		0.0	0.4	19	208	0	0	0	0	0	0	189	0
3000	4	100n	N	100n	2	2	P1,P2	0		0.0	1.8	8863	5367	0	0	0	0	0	0	793	0	P1	100r	0	-2	N	0		0.0	0.5	20	456	0	0	0	0	0	0	436	0	P2	100n	0	-2	N	0		0.0	0.5	21	378	0	0	0	0	0	0	357	0
3000	4	100n	N	100n	2	2	P1,P2	0		0.0	1.6	7709	5266	0	0	0	0	0	0	1449	0	P1	100r	0	-2	N	0		0.0	0.7	74	872	0	0	0	0	0	0	798	0	P2	100n	0	-2	N	0		0.0	0.7	63	714	0	0	0	0	0	0	651	0
3000	4	100n	N	100n	2	2	P1,P2	0		0.0	1.3	5274	4921	0	0	0	0	0	0	2392	0	P1	100r	0	-2	N	0		0.0	1.0	253	1596	0	0	0	0	0	0	1343	0	P2	100n	0	-2	N	0		0.0	0.8	253	1302	0	0	0	0	0	0	1049	0
3000	4	100n	N	100n	2	2	P1,P2	0		0.0	1.0	2380	4045	0	0	0	0	0	0	2878	0	P1	100r	0	-2	N	0		0.0	1.1	1096	2686	0	0	0	0	0	0	1590	0	P2	100n	0	-2	N	0		0.0	0.9	810	2098	0	0	0	0	0	0	1288	0
3000	4	100n	N	100n	2	2	P1,P2	0		0.0	0.6	786	2444	0	0	0	0	0	0	1898	0	P1	100r	0	-2	N	0		0.0	0.8	2148	3180	0	0	0	0	0	0	1032	0	P2	100n	0	-2	N	0		0.0	0.8	1710	2576	0	0	0	0	0	0	866	0
3000	4	100n	N	100n	2	2	P1,P2	0		0.0	0.5	417	1194	0	0	0	0	0	0	805	0	P1	100r	0	-2	N	0		0.0	0.5	1613	2064	0	0	0	0	0	0	451	0	P2	100n	0	-2	N	0		0.0	0.5	1378	1732	0	0	0	0	0	0	354	0
3000	4	100n	N	100n	2	2	P1,P2	0		0.0	0.6	487	777	0	0	0	0	0	0	295	0	P1	100r	0	-2	N	0		0.0	0.3	739	902	0	0	0	0	0	0	163	0	P2	100n	0	-2	N	0		0.0	0.3	576	708	0	0	0	0	0	0	132	0
3000	4	100n	N	100n	2	2	P1,P2	0		0.0	0.7	812	955	0	0	0	0	0	0	154	0	P1	100r	0	-2	N	0		0.0	0.2	244	326	0	0	0	0	0	0	82	0	P2	100n	0	-2	N	0		0.0	0.2	192	264	0	0	0	0	0	0	72	0
3000	4	100n	N	100n	2	2	P1,P2	0		0.0	1.0	1479	1556	0	0	0	0	0	0	123	0	P1	100r	0	-2	N	0		0.0	0.2	90	164	0	0	0	0	0	0	74	0	P2	100n	0	-2	N	0		0.0	0.2	95	144	0	0	0	0	0	0	49	0
3000	4	100n	N	100n	2	2	P1,P2	0		0.0	1.2	2709	2579	0	0	0	0	0	0	157	0	P1	100r	0	-2	N	0		0.0	0.2	54	148	0	0	0	0	0	0	94	0	P2	100n	0	-2	N	0		0.0	0.2	35	98	0	0	0	0	0	0	63	0
3000	4	100n	N	100n	2	2	P1,P2	0		0.0	1.6	4612	3865	0	0	0	0	0	0	232	0	P1	100r	0	-2	N	0		0.0	0.3	49	188	0	0	0	0	0	0	139	0	P2	100n	0	-2	N	0		0.0	0.2	33	126	0	0	0	0	0	0	93	0
3000	4	100n	N	100n	2	2	P1,P2	0		0.0	1.7	6842	4824	0	0	0	0	0	0	424	0	P1	100r	0	-2	N	0		0.0	0.4	20	278	0	0	0	0	0	0	258	0	P2	100n	0	-2	N	0		0.0	0.3	20	186	0	0	0	0	0	0	166	0
3000	4	100n	N	100n	2	2	P1,P2	0		0.0	1.7	8022	5188	0	0	0	0	0	0	778	0	P1	100r	0	-2	N	0		0.0	0.5	37	516	0	0	0	0	0	0	479	0	P2	100n	0	-2	N	0		0.0	0.5	33	332	0	0	0	0	0	0	299	0
3000	4	100n	N	100n	2	2	P1,P2	0		0.0	1.6	7407	5180	0	0	0	0	0	0	1417	0	P1	100r	0	-2	N	0		0.0	0.7	82	958	0	0	0	0	0	0	876	0	P2	100n	0	-2	N	0		0.0	0.6	57	598	0	0	0	0	0	0	541	0
3000	4	100n	N	100n	2	2	P1,P2	0		0.0	1.4	5204	4965	0	0	0	0	0	0	2356	0	P1	100r	0	-2	N	0		0.0	1.0	291	1752	0	0	0	0	0	0	1461	0	P2	100n	0	-2	N	0		0.0	0.8	187	1082	0	0	0	0	0	0	895	0
3000	4	100n	N	100n	2	2	P1,P2	0		0.0	1.0	2509	4092	0	0	0	0	0	0	2889	0	P1	100r	0	-2	N	0		0.0	1.2	1156	2922	0	0	0	0	0	0	1766	0	P2	100n	0	-2	N	0		0.0	0.8	667	1790	0	0	0	0	0	0	1123	0
3000	4	100n	N	100n	2	2	P1,P2	0		0.0	0.6	754	2522	0	0	0	0	0	0	2038	0	P1	100r	0	-2	N	0		0.0	0.9	2340	3532	0	0	0	0	0	0	1192	0	P2	100n	0	-2	N	0		0.0	0.8	1400	2246	0	0	0	0	0	0	846	0
3000	4	100n	N	100n	2	2	P1,P2	0		0.0	0.5	347	1091	0	0	0	0	0	0	771	0	P1	100r	0	-2	N	0		0.0	0.5	1913	2384	0	0	0	0	0	0	471	0	P2	100n	0	-2	N	0		0.0	0.4	1392	1692	0	0	0	0	0	0	300	0
3000	4	100n	N	100n	2	2	P1,P2	0		0.0	0.5	380	638	0	0	0	0	0	0	264	0	P1	100r	0	-2	N	0		0.0	0.3	761	942	0	0	0	0	0	0	181	0	P2	100n	0	-2	N	0		0.0	0.2	517	600	0	0	0	0	0	0	83	0
3000	4	100n	N	100n	2	2	P1,P2	0		0.0	0.7	654	739	0	0	0	0	0	0	94	0	P1	100r	0	-2	N	0		0.0	0.2	294	362	0	0	0	0	0	0	68	0	P2	100n	0	-2	N	0		0.0	0.1	140	166	0	0	0	0	0	0	26	0
3000	4	100n	N	100n	2	2	P1,P2	0		0.0	0.9	1217	1251	0	0	0	0	0	0	73	0	P1	100r	0	-2	N	0		0.0	0.2	76	136	0	0	0	0	0	0	60	0	P2	100n	0	-2	N	0		0.0	0.1	39	52	0	0	0	0	0	0	13	0
3000	4	100n	N	100n	2	2	P1,P2	0		0.0	1.2	2273	2200	0	0	0	0	0	0	83	0	P1	100r	0	-2	N	0		0.0	0.2	49	120	0	0	0	0	0	0	71	0	P2	100n	0	-2	N	0		0.0	0.1	14	26	0	0	0	0	0	0	12	0
3000	4	100n	N	100n	2	2	P1,P2	0		0.0	1.5	4117	3493	0	0	0	0	0	0	117	0	P1	100r	0	-2	N	0		0.0	0.2	43	142	0	0	0	0	0	0	99	0	P2	100n	0	-2	N	0		0.0	0.1	6	24	0	0	0	0	0	0	18	0
3000	4	100n	N	100n	2	2	P1,P2	0		0.0	1.8	6544	4644	0	0	0	0	0	0	208	0	P1	100r	0	-2	N	0		0.0	0.3	20	198	0	0	0	0	0	0	178	0	P2	100n	0	-2	N	0		0.0	0.1	6	36	0	0	0	0	0	0	30	0
3000	4	100n	N	100n	2	2	P1,P2	0		0.0	1.8	8490	5183	0	0	0	0	0	0	382	0	P1	100r	0	-2	N	0		0.0	0.4	30	356	0	0	0	0	0	0	326	0	P2	100n	0	-2	N	0		0.0	0.2	4	60	0	0	0	0	0	0	56	0
3000	4	100n	N	100n	2	2	P1,P2	0		0.0	1.7	8864	5374	0	0	0	0	0	0	738	0	P1	100r	0	-2	N	0		0.0	0.6	24	652	0	0	0	0	0	0	628	0	P2	100n	0	-2	N	0		0.0	0.3	2	112	0	0	0	0	0	0	110	0
3000	4	100n	N	100n	2	2	P1,P2	0		0.0	1.6	7894	5327	0	0	0	0	0	0	1378	0	P1	100r	0	-2	N	0		0.0	0.9	71	1256	0	0	0	0	0	0	1185	0	P2	100n	0	-2	N	0		0.0	0.4	27	220	0	0	0	0	0	0	193	0
3000	4	100n	N	100n	2	2	P1,P2	0		0.0	1.4	5654	5024	0	0	0	0	0	0	2288	0	P1	100r	0	-2	N	0		0.0	1.4	409	2370	0	0	0	0	0	0	1961	0	P2	100n	0	-2	N	0		0.0	0.5	59	386	0	0	0	0	0	0	327	0
3000	4	100n	N	100n	2	2	P1,P2	0		0.0	1.0	2832	4228	0	0	0	0	0	0	2852	0	P1	100r	0	-2	N	0		0.0	1.7	1493	3922	0	0	0	0	0	0	2429	0	P2	100n	0	-2	N	0		0.0	0.5	231	654	0	0	0	0	0	0	423	0
3000	4	100n	N	100n	2	2	P1,P2	0		0.0	0.7	1079	2865	0	0	0	0	0	0	2167	0	P1	100r	0	-2	N	0		0.0	1.3	3050	4858	0	0	0	0	0	0	1808	0	P2	100n	0	-2	N	0		0.0	0.5	487	846	0	0	0	0	0	0	359	0
3000	4	100n	N	100n	2	2	P1,P2	0		0.0	0.6	520	1553	0	0	0	0	0	0	1078	0	P1	100r	0	-2	N	0		0.0	0.7	2740	3616	0	0	0	0	0	0	876	0	P2	100n	0	-2	N	0		0.0	0.4	516	718	0	0	0	0	0	0	202	0
3000	4	100n	N	100n	2	2	P1,P2	0		0.0	0.6	508	945	0	0	0	0	0	0	450	0	P1	100r	0	-2	N	0		0.0	0.4	1383	1752	0	0	0	0	0	0	369	0	P2	100n	0	-2	N	0		0.0	0.2	323	404	0	0	0	0	0	0	81	0
3000	4	100n	N	100n	2	2	P1,P2	0		0.0	0.7	758	978	0	0	0	0	0	0	232	0	P1	100r	0	-2	N	0		0.0	0.3	546	738	0	0	0	0	0	0	192	0	P2	100n	0	-2	N	0		0.0	0.2	122	162	0	0	0	0	0	0	40	0
3000	4	100n	N	100n	2	2	P1,P2	0		0.0	0.9	1300	1440	0	0	0	0	0	0	192	0	P1	100r	0	-2	N	0		0.0	0.3	226	384	0	0	0	0	0	0	158	0	P2	100n	0	-2	N	0		0.0	0.1	46	80	0	0	0	0	0	0	34	0
3000	4	100n	N	100n	2	2	P1,P2	0		0.0	1.2	2270	2312	0	0	0	0	0	0	226	0	P1	100r	0	-2	N	0		0.0	0.3	131	316	0	0	0	0	0	0	185	0	P2	100n	0	-2	N	0		0.0	0.2	27	68	0	0	0	0	0	0	41	0
3000	4	100n	N	100n	2	2	P1,P2	0		0.0	1.5	3840	3502	0	0	0	0	0	0	332	0	P1	100r	0	-2	N	0		0.0	0.4	97	370	0	0	0	0	0	0	273	0	P2	100n	0	-2	N	0		0.0	0.2	23	82	0	0	0	0	0	0	59	0
3000	4	100n	N	100n	2	2	P1,P2	0		0.0	1.6	5760	4525	0	0	0	0	0	0	580	0	P1	100r	0	-2	N	0		0.0	0.5	69	546	0	0	0	0	0	0	477	0	P2	100n	0	-2	N	0		0.0	0.3	15	118	0	0	0	0	0	0	103	0
3000	4	100n	N	100n	2	2	P1,P2	0		0.0	1.6	6823	5010	0	0	0	0	0	0	1067	0	P1	100r	0	-2	N	0		0.0	0.7	74	954	0	0	0	0	0	0	880	0	P2	100n	0	-2	N	0		0.0	0.3	19	206	0	0	0	0	0	0	187	0
3000	4	100n	N	100n	2	2	P1,P2	0		0.0	1.5	6008	5009	0	0	0	0	0	0	1890	0	P1	100r	0	-2	N	0		0.0	1.1	196	1760	0	0	0	0	0	0	1564	0	P2	100n	0	-2	N	0		0.0	0.5	48	374	0	0	0	0	0	0	326	0
3000	4	100n	N	100n	2	2	P1,P2	0		0.0	1.1	3656	4479	0	0	0	0	0	0	2678	0	P1	100r	0	-2	N	0		0.0	1.6	905	3128	0	0	0	0	0	0	2223	0	P2	100n	0	-2	N	0		0.0	0.5	197	652	0	0	0	0	0	0	455	0
3000	4	100n	N	100n	2	2	P1,P2	0		0.0	0.9	1533	3344	0	0	0	0	0	0	2373	0	P1	100r	0	-2	N	0		0.0	1.4	2550	4446	0	0	0	0	0	0	1896	0	P2	100n	0	-2	N	0		0.0	0.6	433	910	0	0	0	0	0	0	477	0
3000	4	100n	N	100n	2	2	P1,P2	0		0.0	0.7	781	2012	0	0	0	0	0	0	1367	0	P1	100r	0	-2	N	0		0.0	0.8	2734	3792	0	0	0	0	0	0	1058	0	P2	100n	0	-2	N	0		0.0	0.5	645	954	0	0	0	0	0	0	309	0
3000	4	100n	N	100n	2	2	P1,P2	0		0.0	0.6	634	1326	0	0	0	0	0	0	732	0	P1	100r	0	-2	N	0		0.0	0.5	1532	2116	0	0	0	0	0	0	584	0	P2	100n	0	-2	N	0		0.0	0.3	470	618	0	0	0	0	0	0	148	0
3000	4	100n	N	100n	2	2	P1,P2	0		0.0	0.7	752	1156	0	0	0	0	0	0	440	0	P1	100r	0	-2	N	0		0.0	0.4	805	1168	0	0	0	0	0	0	363	0	P2	100n	0	-2	N	0		0.0	0.2	219	296	0	0	0	0	0	0	77	0
3000	4	100n	N	100n	2	2	P1,P2	0		0.0	0.8	1105	1390	0	0	0	0	0	0	327	0	P1	100r	0	-2	N	0		0.0	0.4	453	726	0	0	0	0	0	0	273	0	P2	100n	0	-2	N	0		0.0	0.2	100	154	0	0	0	0	0	0	54	0
3000	4	100n	N	100n	2	2	P1,P2	0		0.0	1.1	1813	1994	0	0	0	0	0	0	313	0	P1	100r	0	-2	N	0		0.0	0.4	286	546	0	0	0	0	0	0	260	0	P2	100n	0	-2	N	0		0.0	0.2	55	108	0	0	0	0	0	0	53	0
3000	4	100n	N	100n	2	2	P1,P2	0		0.0	1.3	2963	2947	0	0	0	0	0	0	399	0	P1	100r	0	-2	N	0		0.0	0.4	176	520	0	0	0	0	0	0	344	0	P2	100n	0	-2	N	0		0.0	0.2	51	106	0	0	0	0	0	0	55	0
3000	4	100n	N	100n	2	2	P1,P2	0		0.0	1.4	4458	3992	0	0	0	0	0	0	638	0	P1	100r	0	-2	N	0		0.0	0.5	139	688	0	0	0	0	0	0	549	0	P2	100n	0	-2	N	0		0.0	0.2	21	110	0	0	0	0	0	0	89	0
3000	4	100n	N	100n	2	2	P1,P2	0		0.0	1.6	5586	4717	0	0	0	0	0	0	1122	0	P1	100r	0	-2	N	0		0.0	0.7	136	1098	0	0	0	0	0	0	962	0	P2	100n	0	-2	N	0		0.0	0.3	18	178	0	0	0	0	0	0	160	0
3000	4	100n	N	100n	2	2	P1,P2	0		0.0	1.4	5286	4783	0	0	0	0	0	0	1912	0	P1	100r	0	-2	N	0		0.0	1.2	276	1924	0	0	0	0	0	0	1648	0	P2	100n	0	-2	N	0		0.0	0.4	56	320	0	0	0	0	0	0	264	0
3000	4	100n	N	100n	2	2	P1,P2	0		0.0	1.1	3289	4351	0	0	0	0	0	0	2557	0	P1	100r	0	-2	N	0		0.0	1.5	1104	3296	0	0	0	0	0	0	2192	0	P2	100n	0	-2	N	0		0.0	0.5	163	528	0	0	0	0	0	0	365	0
3000	4	100n	N	100n	2	2	P1,P2	0		0.0	0.8	1506	3320	0	0	0	0	0	0	2374	0	P1	100r	0	-2	N	0		0.0	1.4	2404	4384	0	0	0	0	0	0	1980	0	P2	100n	0	-2	N	0		0.0	0.5	336	730	0	0	0	0	0	0	394	0
3000	4	100n	N	100n	2	2	P1,P2	0		0.0	0.6	700	1991	0	0	0	0	0	0	1426	0	P1	100r	0	-2	N	0		0.0	0.9	2793	3960	0	0	0	0	0	0	1167	0	P2	100n	0	-2	N	0		0.0	0.4	529	788	0	0	0	0	0	0	259	0
3000	4	100n	N	100n	2	2	P1,P2	0		0.0	0.6	540	1169	0	0	0	0	0	0	658	0	P1	100r	0	-2	N	0		0.0	0.5	1798	2334	0	0	0	0	0	0	536	0	P2	100n	0	-2	N	0		0.0	0.3	396	518	0	0	0	0	0	0	122	0
3000	4	100n	N	100n	2	2	P1,P2	0		0.0	0.7	696	1004	0	0	0	0	0	0	326	0	P1	100r	0	-2	N	0		0.0	0.4	804	1072	0	0	0	0	0	0	268	0	P2	100n	0	-2	N	0		0.0	0.2	186	244	0	0	0	0	0	0	58	0
3000	4	100n	N	100n	2	2	P1,P2	0		0.0	0.9	1129	1324	0	0	0	0	0	0	227	0	P1	100r	0	-2	N	0		0.0	0.3	351	536	0	0	0	0	0	0	185	0	P2	100n	0	-2	N	0		0.0	0.2	74	116	0	0	0	0	0	0	42	0
3000	4	100n	N	100n	2	2	P1,P2	0		0.0	1.1	1961	2067	0	0	0	0	0	0	233	0	P1	100r	0	-2	N	0		0.0	0.3	180	370	0	0	0	0	0	0	190	0	P2	100n	0	-2	N	0		0.0	0.2	41	84	0	0	0	0	0	0	43	0
3000	4	100n	N	100n	2	2	P1,P2	0		0.0	1.4	3345	3131	0	0	0	0	0	0	323	0	P1	100r	0	-2	N	0		0.0	0.4	113	380	0	0	0	0	0	0	267	0	P2	100n	0	-2	N	0		0.0	0.2	30	86	0	0	0	0	0	0	56	0
3000	4	100n	N	100n	2	2	P1,P2	0		0.0	1.5	5083	4220	0	0	0	0	0	0	533	0	P1	100r	0	-2	N	0		0.0	0.5	93	534	0	0	0	0	0	0	441	0	P2	100n	0	-2	N	0		0.0	0.2	20	112	0	0	0	0	0	0	92	0
3000	4	100n	N	100n	2	2	P1,P2	0		0.0	1.6	6398	4876	0	0	0	0	0	0	976	0	P1	100r	0	-2	N	0		0.0	0.7	70	882	0	0	0	0	0	0	812	0	P2	100n	0	-2	N	0		0.0	0.3	20	184	0	0	0	0	0	0	164	0
3000	4	100n	N	100n	2	2	P1,P2	0		0.0	1.5	6114	4955	0	0	0	0	0	0	1688	0	P1	100r	0	-2	N	0		0.0	1.0	212	1624	0	0	0	0	0	0	1412	0	P2	100n	0	-2	N	0		0.0	0.4	52	328	0	0	0	0	0	0	276	0
3000	4	100n	N	100n	2	2	P1,P2	0		0.0	1.2	4110	4589	0	0	0	0	0	0	2486	0	P1	100r	0	-2	N	0		0.0	1.4	752	2824	0	0	0	0	0	0	2072	0	P2	100n	0	-2	N	0		0.0	0.5	138	552	0	0	0	0	0	0	414	0
3000	4	100n	N	100n	2	2	P1,P2	0		0.0	0.9	1971	3618	0	0	0	0	0	0	2519	0	P1	100r	0	-2	N	0		0.0	1.4	2069	4144	0	0	0	0	0	0	2075	0	P2	100n	0	-2	N	0		0.0	0.5	384	828	0	0	0	0	0	0	444	0
3000	4	100n	N	100n	2	2	P1,P2	0		0.0	0.7	827	2324	0	0	0	0	0	0	1697	0	P1	100r	0	-2	N	0		0.0	1.0	2805	4150	0	0	0	0	0	0	1345	0	P2	100n	0	-2	N	0		0.0	0.5	536	888	0	0	0	0	0	0	352	0
3000	4	100n	N	100n	2	2	P1,P2	0		0.0	0.6	515	1309	0	0	0	0	0	0	835	0	P1	100r	0	-2	N	0		0.0	0.6	2025	2690	0	0	0	0	0	0	665	0	P2	100n	0	-2	N	0		0.0	0.3	534	704	0	0	0	0	0	0	170	0
3000	4	100n	N	100n	2	2	P1,P2	0		0.0	0.6	576	942	0	0	0	0	0	0	382	0	P1	100r	0	-2	N	0		0.0	0.4	1018	1330	0	0	0	0	0	0	312	0	P2	100n	0	-2	N	0		0.0	0.2	270	340	0	0	0	0	0	0	70	0
3000	4	100n	N	100n	2	2	P1,P2	0		0.0	0.8	892	1097	0	0	0	0	0	0	228	0	P1	100r	0	-2	N	0		0.0	0.3	434	624	0	0	0	0	0	0	190	0	P2	100n	0	-2	N	0		0.0	0.2	102	140	0	0	0	0	0	0	38	0
3000	4	100n	N	100n	2	2	P1,P2	0		0.0	1.0	1534	1662	0	0	0	0	0	0	204	0	P1	100r	0	-2	N	0		0.0	0.3	208	380	0	0	0	0	0	0	172	0	P2	100n	0	-2	N	0		0.0	0.1	44	76	0	0	0	0	0	0	32	0
3000	4	100n	N	100n	2	2	P1,P2	0		0.0	1.3	2665	2640	0	0	0	0	0	0	251	0	P1	100r	0	-2	N	0		0.0	0.4	125	344	0	0	0	0	0	0	219	0	P2	100n	0	-2	N	0		0.0	0.1	32	64	0	0	0	0	0	0	32	0
3000	4	100n	N	100n	2	2	P1,P2	0		0.0	1.5	4386	3818	0	0	0	0	0	0	392	0	P1	100r	0	-2	N	0		0.0	0.4	96	438	0	0	0	0	0	0	342	0	P2	100n	0	-2	N	0		0.0	0.2	14	64	0	0	0	0	0	0	50	0
3000	4	100n	N	100n	2	2	P1,P2	0		0.0	1.7	6170	4678	0	0	0	0	0	0	682	0	P1	100r	0	-2	N	0		0.0	0.5	88	684	0	0	0	0	0	0	596	0	P2	100n	0	-2	N	0		0.0	0.2	14	100	0	0	0	0	0	0	86	0
3000	4	100n	N	100n	2	2	P1,P2	0		0.0	1.6	6768	4994	0	0	0	0	0	0	1226	0	P1	100r	0	-2	N	0		0.0	0.8	113	1192	0	0	0	0	0	0	1079	0	P2	100n	0	-2	N	0		0.0	0.3	25	172	0	0	0	0	0	0	147	0
3000	4	100n	N	100n	2	2	P1,P2	0		0.0	1.4	5465	4913	0	0	0	0	0	0	2079	0	P1	100r	0	-2	N	0		0.0	1.3	335	2158	0	0	0	0	0	0	1823	0	P2	100n	0	-2	N	0		0.0	0.4	38	294	0	0	0	0	0	0	256	0
3000	4	100n	N	100n	2	2	P1,P2	0		0.0	1.1	3148	4329	0	0	0	0	0	0	2690	0	P1	100r	0	-2	N	0		0.0	1.6	1302	3646	0	0	0	0	0	0	2344	0	P2	100n	0	-2	N	0		0.0	0.5	166	512	0	0	0	0	0	0	346	0
3000	4	100n	N	100n	2	2	P1,P2	0		0.0	0.8	1371	3184	0	0	0	0	0	0	2283	0	P1	100r	0	-2	N	0		0.0	1.4	2744	4688	0	0	0	0	0	0	1944	0	P2	100n	0	-2	N	0		0.0	0.5	353	692	0	0	0	0	0	0	339	0
3000	4	100n	N	100n	2	2	P1,P2	0		0.0	0.6	718	1902	0	0	0	0	0	0	1294	0	P1	100r	0	-2	N	0		0.0	0.8	2826	3888	0	0	0	0	0	0	1062	0	P2	100n	0	-2	N	0		0.0	0.4	446	678	0	0	0	0	0	0	232	0
3000	4	100n	N	100n	2	2	P1,P2	0		0.0	0.6	559	1212	0	0	0	0	0	0	689	0	P1	100r	0	-2	N	0		0.0	0.5	1541	2124	0	0	0	0	0	0	583	0	P2	100n	0	-2	N	0		0.0	0.3	358	464	0	0	0	0	0	0	106	0
3000	4	100n	N	100n	2	2	P1,P2	0		0.0	0.7	677	1028	0	0	0	0	0	0	371	0	P1	100r	0	-2	N	0		0.0	0.4	849	1166	0	0	0	0	0	0	317	0	P2	100n	0	-2	N	0		0.0	0.2	158	212	0	0	0	0	0	0	54	0
3000	4	100n	N	100n	2	2	P1,P2	0		0.0	0.8	1059	1281	0	0	0	0	0	0	255	0	P1	100r	0	-2	N	0		0.0	0.4	417	634	0	0	0	0	0	0	217	0	P2	100n	0	-2	N	0		0.0	0.2	70	108	0	0	0	0	0	0	38	0
3000	4	100n	N	100n	2	2	P1,P2	0		0.0	1.0	1789	1933	0	0	0	0	0	0	263	0	P1	100r	0	-2	N	0		0.0	0.4	211	434	0	0	0	0	0	0	223	0	P2	100n	0	-2	N	0		0.0	0.2	36	76	0	0	0	0	0	0	40	0
3000	4	100n	N	100n	2	2	P1,P2	0		0.0	1.3	2975	2945	0	0	0	0	0	0	365	0	P1	100r	0	-2	N	0		0.0	0.4	129	446	0	0	0	0	0	0	317	0	P2	100n	0	-2	N	0		0.0	0.2	32	80	0	0	0	0	0	0	48	0
3000	4	100n	N	100n	2	2	P1,P2	0		0.0	1.5	4574	4000	0	0	0	0	0	0	586	0	P1	100r	0	-2	N	0		0.0	0.5	116	634	0	0	0	0	0	0	518	0	P2	100n	0	-2	N	0		0.0	0.2	28	96	0	0	0	0	0	0	68	0
3000	4	100n	N	100n	2	2	P1,P2	0		0.0	1.6	5807	4667	0	0	0	0	0	0	1021	0	P1	100r	0	-2	N	0		0.0	0.7	136	1036	0	0	0	0	0	0	900	0	P2	100n	0	-2	N	0		0.0	0.3	15	136	0	0	0	0	0	0	121	0
3000	4	100n	N	100n	2	2	P1,P2	0		0.0	1.4	5564	4824	0	0	0	0	0	0	1730	0	P1	100r	0	-2	N	0		0.0	1.1	283	1800	0	0	0	0	0	0	1517	0	P2	100n	0	-2	N	0		0.0	0.4	29	242	0	0	0	0	0	0	213	0
3000	4	100n	N	100n	2	2	P1,P2	0		0.0	1.2	3797	4518	0	0	0	0	0	0	2479	0	P1	100r	0	-2	N	0		0.0	1.5	877	3034	0	0	0	0	0	0	2157	0	P2	100n	0	-2	N	0		0.0	0.5	104	426	0	0	0	0	0	0	322	0
3000	4	100n	N	100n	2	2	P1,P2	0		0.0	0.9	1820	3561	0	0	0	0	0	0	2510	0	P1	100r	0	-2	N	0		0.0	1.5	2173	4314	0	0	0	0	0	0	2141	0	P2	100n	0	-2	N	0		0.0	0.5	275	644	0	0	0	0	0	0	369	0
3000	4	100n	N	100n	2	2	P1,P2	0		0.0	0.7	852	2251	0	0	0	0	0	0	1566	0	P1	100r	0	-2	N	0		0.0	1.0	2987	4282	0	0	0	0	0	0	1295	0	P2	100n	0	-2	N	0		0.0	0.4	467	738	0	0	0	0	0	0	271	0
3000	4	100n	N	100n	2	2	P1,P2	0		0.0	0.6	625	1378	0	0	0	0	0	0	805	0	P1	100r	0	-2	N	0		0.0	0.6	1939	2590	0	0	0	0	0	0	651	0	P2	100n	0	-2	N	0		0.0	0.3	388	542	0	0	0	0	0	0	154	0
3000	4	100n	N	100n	2	2	P1,P2	0		0.0	0.7	705	1135	0	0	0	0	0	0	451	0	P1	100r	0	-2	N	0		0.0	0.4	940	1302	0	0	0	0	0	0	362	0	P2	100n	0	-2	N	0		0.0	0.2	219	308	0	0	0	0	0	0	89	0
3000	4	100n	N	100n	2	2	P1,P2	0		0.0	0.8	1066	1324	0	0	0	0	0	0	302	0	P1	100r	0	-2	N	0		0.0	0.4	471	724	0	0	0	0	0	0	253	0	P2	100n	0	-2	N	0		0.0	0.2	129	178	0	0	0	0	0	0	49	0
3000	4	100n	N	100n	2	2	P1,P2	0		0.0	1.1	1755	1935	0	0	0	0	0	0	289	0	P1	100r	0	-2	N	0		0.0	0.4	260	506	0	0	0	0	0	0	246	0	P2	100n	0	-2	N	0		0.0	0.2	55	98	0	0	0	0	0	0	43	0
3000	4	100n	N	100n	2	2	P1,P2	0		0.0	1.3	2920	2873	0	0	0	0	0	0	372	0	P1	100r	0	-2	N	0		0.0	0.4	169	492	0	0	0	0	0	0	323	0	P2	100n	0	-2	N	0		0.0	0.2	37	86	0	0	0	0	0	0	49	0
3000	4	100n	N	100n	2	2	P1,P2	0		0.0	1.5	4425	3906	0	0	0	0	0	0	577	0	P1	100r	0	-2	N	0		0.0	0.5	146	646	0	0	0	0	0	0	500	0	P2	100n	0	-2	N	0		0.0	0.2	21	98	0	0	0	0	0	0	77	0
3000	4	100n	N	100n	2	2	P1,P2	0		0.0	1.5	5683	4599	0	0	0	0	0	0	975	0	P1	100r	0	-2	N	0		0.0	0.7	153	1000	0	0	0	0	0	0	847	0	P2	100n	0	-2	N	0		0.0	0.3	26	154	0	0	0	0	0	0	128	0
3000	4	100n	N	100n	2	2	P1,P2	0		0.0	1.5	5599	4862	0	0	0	0	0	0	1653	0	P1	100r	0	-2	N	0		0.0	1.0	253	1694	0	0	0	0	0	0	1441	0	P2	100n	0	-2	N	0		0.0	0.4	44	256	0	0	0	0	0	0	212	0
3000	4	100n	N	100n	2	2	P1,P2	0		0.0	1.2	4018	4562	0	0	0	0	0	0	2458	0	P1	100r	0	-2	N	0		0.0	1.5	752	2882	0	0	0	0	0	0	2130	0	P2	100n	0	-2	N	0		0.0	0.5	96	424	0	0	0	0	0	0	328	0
3000	4	100n	N	100n	2	2	P1,P2	0		0.0	0.9	1939	3646	0	0	0	0	0	0	2535	0	P1	100r	0	-2	N	0		0.0	1.5	2086	4260	0	0	0	0	0	0	2174	0	P2	100n	0	-2	N	0		0.0	0.5	295	656	0	0	0	0	0	0	361	0
3000	4	100n	N	100n	2	2	P1,P2	0		0.0	0.7	844	2328	0	0	0	0	0	0	1690	0	P1	100r	0	-2	N	0		0.0	1.0	2937	4348	0	0	0	0	0	0	1411	0	P2	100n	0	-2	N	0		0.0	0.4	443	722	0	0	0	0	0	0	279	0
3000	4	100n	N	100n	2	2	P1,P2	0		0.0	0.6	567	1369	0	0	0	0	0	0	833	0	P1	100r	0	-2	N	0		0.0	0.6	2134	2822	0	0	0	0	0	0	688	0	P2	100n	0	-2	N	0		0.0	0.3	413	558	0	0	0	0	0	0	145	0
3000	4	100n	N	100n	2	2	P1,P2	0		0.0	0.7	674	1053	0	0	0	0	0	0	398	0	P1	100r	0	-2	N	0		0.0	0.4	1031	1376	0	0	0	0	0	0	345	0	P2	100n	0	-2	N	0		0.0	0.2	237	290	0	0	0	0	0	0	53	0
3000	4	100n	N	100n	2	2	P1,P2	0		0.0	0.8	1027	1276	0	0	0	0	0	0	283	0	P1	100r	0	-2	N	0		0.0	0.4	445	690	0	0	0	0	0	0	245	0	P2	100n	0	-2	N	0		0.0	0.2	68	106	0	0	0	0	0	0	38	0
3000	4	100n	N	100n	2	2	P1,P2	0		0.0	1.1	1711	1884	0	0	0	0	0	0	275	0	P1	100r	0	-2	N	0		0.0	0.4	254	490	0	0	0	0	0	0	236	0	P2	100n	0	-2	N	0		0.0	0.2	37	76	0	0	0	0	0	0	39	0
3000	4	100n	N	100n	2	2	P1,P2	0		0.0	1.3	2881	2832	0	0	0	0	0	0	337	0	P1	100r	0	-2	N	0		0.0	0.4	185	472	0	0	0	0	0	0	287	0	P2	100n	0	-2	N	0		0.0	0.2	28	78	0	0	0	0	0	0	50	0
3000	4	100n	N	100n	2	2	P1,P2	0		0.0	1.5	4454	3897	0	0	0	0	0	0	536	0	P1	100r	0	-2	N	0		0.0	0.5	114	574	0	0	0	0	0	0	460	0	P2	100n	0	-2	N	0		0.0	0.2	24	100	0	0	0	0	0	0	76	0
3000	4	100n	N	100n	2	2	P1,P2	0		0.0	1.6	5760	4697	0	0	0	0	0	0	962	0	P1	100r	0	-2	N	0		0.0	0.7	98	920	0	0	0	0	0	0	822	0	P2	100n	0	-2	N	0		0.0	0.3	12	152	0	0	0	0	0	0	140	0
3000	4	100n	N	100n	2	2	P1,P2	0		0.0	1.5	5805	4858	0	0	0	0	0	0	1669	0	P1	100r	0	-2	N	0		0.0	1.0	215	1644	0	0	0	0	0	0	1429	0	P2	100n	0	-2	N	0		0.0	0.4	40	280	0	0	0	0	0	0	240	0
3000	4	100n	N	100n	2	2	P1,P2	0		0.0	1.2	3986	4544	0	0	0	0	0	0	2462	0	P1	100r	0	-2	N	0		0.0	1.4	764	2858	0	0	0	0	0	0	2094	0	P2	100n	0	-2	N	0		0.0	0.5	112	480	0	0	0	0	0	0	368	0
3000	4	100n	N	100n	2	2	P1,P2	0		0.0	0.9	1920	3621	0	0	0	0	0	0	2488	0	P1	100r	0	-2	N	0		0.0	1.4	2122	4188	0	0	0	0	0	0	2066	0	P2	100n	0	-2	N	0		0.0	0.5	314	736	0	0	0	0	0	0	422	0
3000	4	100n	N	100n	2	2	P1,P2	0		0.0	0.7	872	2334	0	0	0	0	0	0	1658	0	P1	100r	0	-2	N	0		0.0	1.0	2784	4132	0	0	0	0	0	0	1348	0	P2	100n	0	-2	N	0		0.0	0.5	534	844	0	0	0	0	0	0	310	0
3000	4	100n	N	100n	2	2	P1,P2	0		0.0	0.6	594	1392	0	0	0	0	0	0	830	0	P1	100r	0	-2	N	0		0.0	0.6	2026	2696	0	0	0	0	0	0	670	0	P2	100n	0	-2	N	0		0.0	0.3	460	620	0	0	0	0	0	0	160	0
3000	4	100n	N	100n	2	2	P1,P2	0		0.0	0.7	673	1105	0	0	0	0	0	0	455	0	P1	100r	0	-2	N	0		0.0	0.4	956	1340	0	0	0	0	0	0	384	0	P2	100n	0	-2	N	0		0.0	0.2	249	320	0	0	0	0	0	0	71	0
3000	4	100n	N	100n	2	2	P1,P2	0		0.0	0.8	985	1268	0	0	0	0	0	0	315	0	P1	100r	0	-2	N	0		0.0	0.4	505	768	0	0	0	0	0	0	263	0	P2	100n	0	-2	N	0		0.0	0.2	90	142	0	0	0	0	0	0	52	0
3000	4	100n	N	100n	2	2	P1,P2	0		0.0	1.0	1620	1823	0	0	0	0	0	0	286	0	P1	100r	0	-2	N	0		0.0	0.4	287	526	0	0	0	0	0	0	239	0	P2	100n	0	-2	N	0		0.0	0.2	57	104	0	0	0	0	0	0	47	0
3000	4	100n	N	100n	2	2	P1,P2	0		0.0	1.2	2740	2718	0	0	0	0	0	0	334	0	P1	100r	0	-2	N	0		0.0	0.4	190	478	0	0	0	0	0	0	288	0	P2	100n	0	-2	N	0		0.0	0.2	48	94	0	0	0	0	0	0	46	0
3000	4	100n	N	100n	2	2	P1,P2	0		0.0	1.5	4242	3855	0	0	0	0	0	0	526	0	P1	100r	0	-2	N	0		0.0	0.5	128	576	0	0	0	0	0	0	448	0	P2	100n	0	-2	N	0		0.0	0.2	14	92	0	0	0	0	0	0	78	0
3000	4	100n	N	100n	2	2	P1,P2	0		0.0	1.6	5742	4609	0	0	0	0	0	0	916	0	P1	100r	0	-2	N	0		0.0	0.7	108	896	0	0	0	0	0	0	788	0	P2	100n	0	-2	N	0		0.0	0.3	28	156	0	0	0	0	0	0	128	0
3000	4	100n	N	100n	2	2	P1,P2	0		0.0	1.5	5838	4842	0	0	0	0	0	0	1548	0	P1	100r	0	-2	N	0		0.0	1.0	236	1576	0	0	0	0	0	0	1340	0	P2	100n	0	-2	N	0		0.0	0.4	48	256	0	0	0	0	0	0	208	0
3000	4	100n	N	100n	2	2	P1,P2	0		0.0	1.2	4258	4653	0	0	0	0	0	0	2358	0	P1	100r	0	-2	N	0		0.0	1.4	615	2680	0	0	0	0	0	0	2065	0	P2	100n	0	-2	N	0		0.0	0.4	123	416	0	0	0	0	0	0	293	0
3000	4	100n	N	100n	2	2	P1,P2	0		0.0	1.0	2189	3839	0	0	0	0	0	0	2619	0	P1	100r	0	-2	N	0		0.0	1.6	1866	4130	0	0	0	0	0	0	2264	0	P2	100n	0	-2	N	0		0.0	0.5	231	586	0	0	0	0	0	0	355	0
3000	4	100n	N	100n	2	2	P1,P2	0		0.0	0.7	972	2514	0	0	0	0	0	0	1804	0	P1	100r	0	-2	N	0		0.0	1.1	3011	4528	0	0	0	0	0	0	1517	0	P2	100n	0	-2	N	0		0.0	0.4	423	710	0	0	0	0	0	0	287	0
3000	4	100n	N	100n	2	2	P1,P2	0		0.0	0.6	596	1472	0	0	0	0	0	0	930	0	P1	100r	0	-2	N	0		0.0	0.7	2252	3034	0	0	0	0	0	0	782	0	P2	100n	0	-2	N	0		0.0	0.3	426	574	0	0	0	0	0	0	148	0
3000	4	100n	N	100n	2	2	P1,P2	0		0.0	0.6	598	1070	0	0	0	0	0	0	496	0	P1	100r	0	-2	N	0		0.0	0.5	1144	1564	0	0	0	0	0	0	420	0	P2	100n	0	-2	N	0		0.0	0.2	220	296	0	0	0	0	0	0	76	0
3000	4	100n	N	100n	2	2	P1,P2	0		0.0	0.7	843	1121	0	0	0	0	0	0	307	0	P1	100r	0	-2	N	0		0.0	0.4	583	840	0	0	0	0	0	0	257	0	P2	100n	0	-2	N	0		0.0	0.2	102	152	0	0	0	0	0	0	50	0
3000	4	100n	N	100n	2	2	P1,P2	0		0.0	0.9	1379	1551	0	0	0	0	0	0	249	0	P1	100r	0	-2	N	0		0.0	0.3	312	514	0	0	0	0	0	0	202	0	P2	100n	0	-2	N	0		0.0	0.2	53	100	0	0	0	0	0	0	47	0
3000	4	100n	N	100n	2	2	P1,P2	0		0.0	1.2	2330	2390	0	0	0	0	0	0	274	0	P1	100r	0	-2	N	0		0.0	0.4	173	404	0	0	0	0	0	0	231	0	P2	100n	0	-2	N	0		0.0	0.2	51	94	0	0	0	0	0	0	43	0
3000	4	100n	N	100n	2	2	P1,P2	0		0.0	1.4	3833	3528	0	0	0	0	0	0	399	0	P1	100r	0	-2	N	0		0.0	0.4	125	462	0	0	0	0	0	0	337	0	P2	100n	0	-2	N	0		0.0	0.2	24	86	0	0	0	0	0	0	62	0
3000	4	100n	N	100n	2	2	P1,P2	0		0.0	1.6	5571	4451	0	0	0	0	0	0	687	0	P1	100r	0	-2	N	0		0.0	0.5	91	674	0	0	0	0	0	0	583	0	P2	100n	0	-2	N	0		0.0	0.3	20	124	0	0	0	0	0	0	104	0
3000	4	100n	N	100n	2	2	P1,P2	0		0.0	1.6	6292	4907	0	0	0	0	0	0	1236	0	P1	100r	0	-2	N	0		0.0	0.8	110	1166	0	0	0	0	0	0	1056	0	P2	100n	0	-2	N	0		0.0	0.3	28	208	0	0	0	0	0	0	180	0
3000	4	100n	N	100n	2	2	P1,P2	0		0.0	1.4	5322	4824	0	0	0	0	0	0	2028	0	P1	100r	0	-2	N	0		0.0	1.2	375	2112	0	0	0	0	0	0	1737	0	P2	100n	0	-2	N	0		0.0	0.4	69	360	0	0	0	0	0	0	291	0
3000	4	100n	N	100n	2	2	P1,P2	0		0.0	1.1	3113	4229	0	0	0	0	0	0	2607	0	P1	100r	0	-2	N	0		0.0	1.6	1264	3474	0	0	0	0	0	0	2210	0	P2	100n	0	-2	N	0		0.0	0.5	185	582	0	0	0	0	0	0	397	0
3000	4	100n	N	100n	2	2	P1,P2	0		0.0	0.8	1414	3057	0	0	0	0	0	0	2170	0	P1	100r	0	-2	N	0		0.0	1.2	2624	4420	0	0	0	0	0	0	1796	0	P2	100n	0	-2	N	0		0.0	0.5	420	794	0	0	0	0	0	0	374	0
3000	4	100n	N	100n	2	2	P1,P2	0		0.0	0.6	704	1871	0	0	0	0	0	0	1284	0	P1	100r	0	-2	N	0		0.0	0.8	2550	3592	0	0	0	0	0	0	1042	0	P2	100n	0	-2	N	0		0.0	0.4	506	748	0	0	0	0	0	0	242	0
3000	4	100n	N	100n	2	2	P1,P2	0		0.0	0.6	570	1188	0	0	0	0	0	0	648	0	P1	100r	0	-2	N	0		0.0	0.5	1550	2084	0	0	0	0	0	0	534	0	P2	100n	0	-2	N	0		0.0	0.3	370	484	0	0	0	0	0	0	114	0
3000	4	100n	N	100n	2	2	P1,P2	0		0.0	0.7	708	1052	0	0	0	0	0	0	374	0	P1	100r	0	-2	N	0		0.0	0.4	763	1068	0	0	0	0	0	0	305	0	P2	100n	0	-2	N	0		0.0	0.2	159	228	0	0	0	0	0	0	69	0
3000	4	100n	N	100n	2	2	P1,P2	0		0.0	0.8	1086	1320	0	0	0	0	0	0	270	0	P1	100r	0	-2	N	0		0.0	0.4	387	610	0	0	0	0	0	0	223	0	P2	100n	0	-2	N	0		0.0	0.2	91	138	0	0	0	0	0	0	47	0
3000	4	100n	N	100n	2	2	P1,P2	0		0.0	1.1	1830	1982	0	0	0	0	0	0	270	0	P1	100r	0	-2	N	0		0.0	0.4	223	446	0	0	0	0	0	0	223	0	P2	100n	0	-2	N	0		0.0	0.2	47	94	0	0	0	0	0	0	47	0
3000	4	100n	N	100n	2	2	P1,P2	0		0.0	1.3	3069	2964	0	0	0	0	0	0	355	0	P1	100r	0	-2	N	0		0.0	0.4	149	446	0	0	0	0	0	0	297	0	P2	100n	0	-2	N	0		0.0	0.2	36	94	0	0	0	0	0	0	58	0
3000	4	100n	N	100n	2	2	P1,P2	0		0.0	1.5	4633	4047	0	0	0	0	0	0	585	0	P1	100r	0	-2	N	0		0.0	0.5	103	594	0	0	0	0	0	0	491	0	P2	100n	0	-2	N	0		0.0	0.3	22	116	0	0	0	0	0	0	94	0
3000	4	100n	N	100n	2	2	P1,P2	0		0.0	1.6	5918	4707	0	0	0	0	0	0	1006	0	P1	100r	0	-2	N	0		0.0	0.7	130	982	0	0	0	0	0	0	852	0	P2	100n	0	-2	N	0		0.0	0.3	34	188	0	0	0	0	0	0	154	0
3000	4	100n	N	100n	2	2	P1,P2	0		0.0	1.5	5699	4856	0	0	0	0	0	0	1707	0	P1	100r	0	-2	N	0		0.0	1.0	255	1704	0	0	0	0	0	0	1449	0	P2	100n	0	-2	N	0		0.0	0.4	50	308	0	0	0	0	0	0	258	0
3000	4	100n	N	100n	2	2	P1,P2	0		0.0	1.2	3881	4505	0	0	0	0	0	0	2491	0	P1	100r	0	-2	N	0		0.0	1.4	808	2898	0	0	0	0	0	0	2090	0	P2	100n	0	-2	N	0		0.0	0.5	115	516	0	0	0	0	0	0	401	0
3000	4	100n	N	100n	2	2	P1,P2	0		0.0	0.9	1831	3571	0	0	0	0	0	0	2481	0	P1	100r	0	-2	N	0		0.0	1.4	2151	4180	0	0	0	0	0	0	2029	0	P2	100n	0	-2	N	0		0.0	0.5	350	802	0	0	0	0	0	0	452	0
3000	4	100n	N	100n	2	2	P1,P2	0		0.0	0.7	834	2289	0	0	0	0	0	0	1638	0	P1	100r	0	-2	N	0		0.0	1.0	2739	4058	0	0	0	0	0	0	1319	0	P2	100n	0	-2	N	0		0.0	0.5	585	904	0	0	0	0	0	0	319	0
3000	4	100n	N	100n	2	2	P1,P2	0		0.0	0.6	561	1344	0	0	0	0	0	0	815	0	P1	100r	0	-2	N	0		0.0	0.6	2003	2638	0	0	0	0	0	0	635	0	P2	100n	0	-2	N	0		0.0	0.3	458	638	0	0	0	0	0	0	180	0
3000	4	100n	N	100n	2	2	P1,P2	0		0.0	0.6	639	1043	0	0	0	0	0	0	427	0	P1	100r	0	-2	N	0		0.0	0.4	942	1270	0	0	0	0	0	0	328	0	P2	100n	0	-2	N	0		0.0	0.3	261	360	0	0	0	0	0	0	99	0
3000	4	100n	N	100n	2	2	P1,P2	0		0.0	0.8	939	1205	0	0	0	0	0	0	293	0	P1	100r	0	-2	N	0		0.0	0.4	428	656	0	0	0	0	0	0	228	0	P2	100n	0	-2	N	0		0.0	0.2	133	198	0	0	0	0	0	0	65	0
3000	4	100n	N	100n	2	2	P1,P2	0		0.0	1.0	1565	1737	0	0	0	0	0	0	259	0	P1	100r	0	-2	N	0		0.0	0.3	257	456	0	0	0	0	0	0	199	0	P2	100n	0	-2	N	0		0.0	0.2	70	130	0	0	0	0	0	0	60	0
3000	4	100n	N	100n	2	2	P1,P2	0		0.0	1.2	2636	2645	0	0	0	0	0	0	320	0	P1	100r	0	-2	N	0		0.0	0.4	142	398	0	0	0	0	0	0	256	0	P2	100n	0	-2	N	0		0.0	0.2	56	120	0	0	0	0	0	0	64	0
3000	4	100n	N	100n	2	2	P1,P2	0		0.0	1.5	4157	3752	0	0	0	0	0	0	493	0	P1	100r	0	-2	N	0		0.0	0.5	117	512	0	0	0	0	0	0	395	0	P2	100n	0	-2	N	0		0.0	0.3	30	128	0	0	0	0	0	0	98	0
3000	4	100n	N	100n	2	2	P1,P2	0		0.0	1.6	5672	4570	0	0	0	0	0	0	846	0	P1	100r	0	-2	N	0		0.0	0.6	107	790	0	0	0	0	0	0	683	0	P2	100n	0	-2	N	0		0.0	0.3	33	196	0	0	0	0	0	0	163	0
3000	4	100n	N	100n	2	2	P1,P2	0		0.0	1.5	6012	4874	0	0	0	0	0	0	1442	0	P1	100r	0	-2	N	0		0.0	0.9	195	1366	0	0	0	0	0	0	1171	0	P2	100n	0	-2	N	0		0.0	0.4	55	326	0	0	0	0	0	0	271	0
3000	4	100n	N	100n	2	2	P1,P2	0		0.0	1.3	4654	4711	0	0	0	0	0	0	2238	0	P1	100r	0	-2	N	0		0.0	1.3	531	2342	0	0	0	0	0	0	1811	0	P2	100n	0	-2	N	0		0.0	0.5	115	542	0	0	0	0	0	0	427	0
3000	4	100n	N	100n	2	2	P1,P2	0		0.0	1.0	2473	3957	0	0	0	0	0	0	2643	0	P1	100r	0	-2	N	0		0.0	1.5	1513	3622	0	0	0	0	0	0	2109	0	P2	100n	0	-2	N	0		0.0	0.6	320	854	0	0	0	0	0	0	534	0
3000	4	100n	N	100n	2	2	P1,P2	0		0.0	0.7	1010	2639	0	0	0	0	0	0	1928	0	P1	100r	0	-2	N	0		0.0	1.1	2752	4218	0	0	0	0	0	0	1466	0	P2	100n	0	-2	N	0		0.0	0.6	606	1068	0	0	0	0	0	0	462	0
3000	4	100n	N	100n	2	2	P1,P2	0		0.0	0.6	558	1506	0	0	0	0	0	0	1008	0	P1	100r	0	-2	N	0		0.0	0.6	2161	2932	0	0	0	0	0	0	771	0	P2	100n	0	-2	N	0		0.0	0.4	687	924	0	0	0	0	0	0	237	0
3000	4	100n	N	100n	2	2	P1,P2	0		0.0	0.6	558	997	0	0	0	0	0	0	464	0	P1	100r	0	-2	N	0		0.0	0.4	1186	1542	0	0	0	0	0	0	356	0	P2	100n	0	-2	N	0		0.0	0.3	366	474	0	0	0	0	0	0	108	0
3000	4	100n	N	100n	2	2	P1,P2	0		0.0	0.7	799	1052	0	0	0	0	0	0	269	0	P1	100r	0	-2	N	0		0.0	0.4	490	712	0	0	0	0	0	0	222	0	P2	100n	0	-2	N	0		0.0	0.2	169	216	0	0	0	0	0	0	47	0
3000	4	100n	N	100n	2	2	P1,P2	0		0.0	0.9	1357	1506	0	0	0	0	0	0	209	0	P1	100r	0	-2	N	0		0.0	0.3	270	444	0	0	0	0	0	0	174	0	P2	100n	0	-2	N	0		0.0	0.2	59	94	0	0	0	0	0	0	35	0
3000	4	100n	N	100n	2	2	P1,P2	0		0.0	1.2	2345	2376	0	0	0	0	0	0	249	0	P1	100r	0	-2	N	0		0.0	0.3	142	348	0	0	0	0	0	0	206	0	P2	100n	0	-2	N	0		0.0	0.2	27	70	0	0	0	0	0	0	43	0
3000	4	100n	N	100n	2	2	P1,P2	0		0.0	1.5	3875	3518	0	0	0	0	0	0	379	0	P1	100r	0	-2	N	0		0.0	0.4	92	412	0	0	0	0	0	0	320	0	P2	100n	0	-2	N	0		0.0	0.2	27	86	0	0	0	0	0	0	59	0
3000	4	100n	N	100n	2	2	P1,P2	0		0.0	1.6	5621	4454	0	0	0	0	0	0	657	0	P1	100r	0	-2	N	0		0.0	0.5	89	640	0	0	0	0	0	0	551	0	P2	100n	0	-2	N	0		0.0	0.3	12	118	0	0	0	0	0	0	106	0
3000	4	100n	N	100n	2	2	P1,P2	0		0.0	1.6	6431	4904	0	0	0	0	0	0	1163	0	P1	100r	0	-2	N	0		0.0	0.8	124	1102	0	0	0	0	0	0	978	0	P2	100n	0	-2	N	0		0.0	0.4	27	212	0	0	0	0	0	0	185	0
3000	4	100n	N	100n	2	2	P1,P2	0		0.0	1.4	5522	4863	0	0	0	0	0	0	1968	0	P1	100r	0	-2	N	0		0.0	1.2	283	1956	0	0	0	0	0	0	1673	0	P2	100n	0	-2	N	0		0.0	0.4	75	370	0	0	0	0	0	0	295	0
3000	4	100n	N	100n	2	2	P1,P2	0		0.0	1.1	3285	4347	0	0	0	0	0	0	2599	0	P1	100r	0	-2	N	0		0.0	1.6	1158	3346	0	0	0	0	0	0	2188	0	P2	100n	0	-2	N	0		0.0	0.5	179	590	0	0	0	0	0	0	411	0
3000	4	100n	N	100n	2	2	P1,P2	0		0.0	0.8	1489	3214	0	0	0	0	0	0	2295	0	P1	100r	0	-2	N	0		0.0	1.4	2501	4376	0	0	0	0	0	0	1875	0	P2	100n	0	-2	N	0		0.0	0.5	402	822	0	0	0	0	0	0	420	0
3000	4	100n	N	100n	2	2	P1,P2	0		0.0	0.7	760	1949	0	0	0	0	0	0	1308	0	P1	100r	0	-2	N	0		0.0	0.8	2707	3750	0	0	0	0	0	0	1043	0	P2	100n	0	-2	N	0		0.0	0.4	575	840	0	0	0	0	0	0	265	0
3000	4	100n	N	100n	2	2	P1,P2	0		0.0	0.6	624	1285	0	0	0	0	0	0	696	0	P1	100r	0	-2	N	0		0.0	0.5	1510	2086	0	0	0	0	0	0	576	0	P2	100n	0	-2	N	0		0.0	0.3	410	530	0	0	0	0	0	0	120	0
3000	4	100n	N	100n	2	2	P1,P2	0		0.0	0.7	770	1153	0	0	0	0	0	0	412	0	P1	100r	0	-2	N	0		0.0	0.4	814	1152	0	0	0	0	0	0	338	0	P2	100n	0	-2	N	0		0.0	0.2	166	240	0	0	0	0	0	0	74	0
3000	4	100n	N	100n	2	2	P1,P2	0		0.0	0.9	1173	1424	0	0	0	0	0	0	309	0	P1	100r	0	-2	N	0		0.0	0.4	418	676	0	0	0	0	0	0	258	0	P2	100n	0	-2	N	0		0.0	0.2	97	148	0	0	0	0	0	0	51	0
3000	4	100n	N	100n	2	2	P1,P2	0		0.0	1.1	1929	2071	0	0	0	0	0	0	301	0	P1	100r	0	-2	N	0		0.0	0.4	263	516	0	0	0	0	0	0	253	0	P2	100n	0	-2	N	0		0.0	0.2	54	102	0	0	0	0	0	0	48	0
3000	4	100n	N	100n	2	2	P1,P2	0		0.0	1.4	3128	3082	0	0	0	0	0	0	412	0	P1	100r	0	-2	N	0		0.0	0.4	161	506	0	0	0	0	0	0	345	0	P2	100n	0	-2	N	0		0.0	0.2	29	96	0	0	0	0	0	0	67	0
3000	4	100n	N	100n	2	2	P1,P2	0		0.0	1.5	4678	4051	0	0	0	0	0	0	662	0	P1	100r	0	-2	N	0		0.0	0.5	125	690	0	0	0	0	0	0	565	0	P2	100n	0	-2	N	0		0.0	0.3	37	134	0	0	0	0	0	0	97	0
3000	4	100n	N	100n	2	2	P1,P2	0		0.0	1.5	5647	4681	0	0	0	0	0	0	1133	0	P1	100r	0	-2	N	0		0.0	0.8	148	1130	0	0	0	0	0	0	982	0	P2	100n	0	-2	N	0		0.0	0.3	43	194	0	0	0	0	0	0	151	0
3000	4	100n	N	100n	2	2	P1,P2	0		0.0	1.4	5201	4808	0	0	0	0	0	0	1905	0	P1	100r	0	-2	N	0		0.0	1.2	306	1964	0	0	0	0	0	0	1658	0	P2	100n	0	-2	N	0		0.0	0.4	55	302	0	0	0	0	0	0	247	0
3000	4	100n	N	100n	2	2	P1,P2	0		0.0	1.1	3377	4330	0	0	0	0	0	0	2539	0	P1	100r	0	-2	N	0		0.0	1.5	1110	3316	0	0	0	0	0	0	2206	0	P2	100n	0	-2	N	0		0.0	0.5	161	494	0	0	0	0	0	0	333	0
3000	4	100n	N	100n	2	2	P1,P2	0		0.0	0.9	1513	3299	0	0	0	0	0	0	2327	0	P1	100r	0	-2	N	0		0.0	1.4	2444	4412	0	0	0	0	0	0	1968	0	P2	100n	0	-2	N	0		0.0	0.5	307	666	0	0	0	0	0	0	359	0
3000	4	100n	N	100n	2	2	P1,P2	0		0.0	0.7	785	2048	0	0	0	0	0	0	1381	0	P1	100r	0	-2	N	0		0.0	0.9	2792	3936	0	0	0	0	0	0	1144	0	P2	100n	0	-2	N	0		0.0	0.4	481	718	0	0	0	0	0	0	237	0
3000	4	100n	N	100n	2	2	P1,P2	0		0.0	0.6	637	1317	0	0	0	0	0	0	727	0	P1	100r	0	-2	N	0		0.0	0.6	1693	2288	0	0	0	0	0	0	595	0	P2	100n	0	-2	N	0		0.0	0.3	342	474	0	0	0	0	0	0	132	0
3000	4	100n	N	100n	2	2	P1,P2	0		0.0	0.7	750	1167	0	0	0	0	0	0	434	0	P1	100r	0	-2	N	0		0.0	0.4	824	1190	0	0	0	0	0	0	366	0	P2	100n	0	-2	N	0		0.0	0.2	196	264	0	0	0	0	0	0	68	0
3000	4	100n	N	100n	2	2	P1,P2	0		0.0	0.8	1159	1424	0	0	0	0	0	0	307	0	P1	100r	0	-2	N	0		0.0	0.4	467	732	0	0	0	0	0	0	265	0	P2	100n	0	-2	N	0		0.0	0.2	94	136	0	0	0	0	0	0	42	0
3000	4	100n	N	100n	2	2	P1,P2	0		0.0	1.1	1930	2102	0	0	0	0	0	0	304	0	P1	100r	0	-2	N	0		0.0	0.4	265	530	0	0	0	0	0	0	265	0	P2	100n	0	-2	N	0		0.0	0.2	45	84	0	0	0	0	0	0	39	0
3000	4	100n	N	100n	2	2	P1,P2	0		0.0	1.3	3162	3122	0	0	0	0	0	0	434	0	P1	100r	0	-2	N	0		0.0	0.4	153	530	0	0	0	0	0	0	377	0	P2	100n	0	-2	N	0		0.0	0.2	21	78	0	0	0	0	0	0	57	0
3000	4	100n	N	100n	2	2	P1,P2	0		0.0	1.5	4660	4099	0	0	0	0	0	0	716	0	P1	100r	0	-2	N	0		0.0	0.6	135	754	0	0	0	0	0	0	619	0	P2	100n	0	-2	N	0		0.0	0.3	17	114	0	0	0	0	0	0	97	0
3000	4	100n	N	100n	2	2	P1,P2	0		0.0	1.5	5529	4681	0	0	0	0	0	0	1237	0	P1	100r	0	-2	N	0		0.0	0.8	160	1238	0	0	0	0	0	0	1078	0	P2	100n	0	-2	N	0		0.0	0.3	35	194	0	0	0	0	0	0	159	0
3000	4	100n	N	100n	2	2	P1,P2	0		0.0	1.4	4894	4689	0	0	0	0	0	0	2010	0	P1	100r	0	-2	N	0		0.0	1.3	406	2156	0	0	0	0	0	0	1750	0	P2	100n	0	-2	N	0		0.0	0.4	58	318	0	0	0	0	0	0	260	0
3000	4	100n	N	100n	2	2	P1,P2	0		0.0	1.1	2966	4143	0	0	0	0	0	0	2528	0	P1	100r	0	-2	N	0		0.0	1.5	1307	3500	0	0	0	0	0	0	2193	0	P2	100n	0	-2	N	0		0.0	0.5	185	520	0	0	0	0	0	0	335	0
3000	4	100n	N	100n	2	2	P1,P2	0		0.0	0.8	1408	3078	0	0	0	0	0	0	2146	0	P1	100r	0	-2	N	0		0.0	1.3	2552	4386	0	0	0	0	0	0	1834	0	P2	100n	0	-2	N	0		0.0	0.4	358	670	0	0	0	0	0	0	312	0
3000	4	100n	N	100n	2	2	P1,P2	0		0.0	0.7	766	1948	0	0	0	0	0	0	1290	0	P1	100r	0	-2	N	0		0.0	0.8	2583	3668	0	0	0	0	0	0	1085	0	P2	100n	0	-2	N	0		0.0	0.4	419	624	0	0	0	0	0	0	205	0
3000	4	100n	N	100n	2	2	P1,P2	0		0.0	0.6	697	1321	0	0	0	0	0	0	655	0	P1	100r	0	-2	N	0		0.0	0.5	1614	2170	0	0	0	0	0	0	556	0	P2	100n	0	-2	N	0		0.0	0.3	311	410	0	0	0	0	0	0	99	0
3000	4	100n	N	100n	2	2	P1,P2	0		0.0	0.8	900	1311	0	0	0	0	0	0	434	0	P1	100r	0	-2	N	0		0.0	0.4	736	1112	0	0	0	0	0	0	376	0	P2	100n	0	-2	N	0		0.0	0.2	140	198	0	0	0	0	0	0	58	0
3000	4	100n	N	100n	2	2	P1,P2	0		0.0	0.9	1387	1681	0	0	0	0	0	0	367	0	P1	100r	0	-2	N	0		0.0	0.4	438	752	0	0	0	0	0	0	314	0	P2	100n	0	-2	N	0		0.0	0.2	63	116	0	0	0	0	0	0	53	0
3000	4	100n	N	100n	2	2	P1,P2	0		0.0	1.2	2184	2411	0	0	0	0	0	0	444	0	P1	100r	0	-2	N	0		0.0	0.5	242	628	0	0	0	0	0	0	386	0	P2	100n	0	-2	N	0		0.0	0.2	48	106	0	0	0	0	0	0	58	0
3000	4	100n	N	100n	2	2	P1,P2	0		0.0	1.3	3330	3295	0	0	0	0	0	0	606	0	P1	100r	0	-2	N	0		0.0	0.5	244	772	0	0	0	0	0	0	528	0	P2	100n	0	-2	N	0		0.0	0.2	38	116	0	0	0	0	0	0	78	0
3000	4	100n	N	100n	2	2	P1,P2	0		0.0	1.5	4411	4111	0	0	0	0	0	0	967	0	P1	100r	0	-2	N	0		0.0	0.7	208	1056	0	0	0	0	0	0	848	0	P2	100n	0	-2	N	0		0.0	0.3	37	156	0	0	0	0	0	0	119	0
3000	4	100n	N	100n	2	2	P1,P2	0		0.0	1.4	4708	4431	0	0	0	0	0	0	1582	0	P1	100r	0	-2	N	0		0.0	1.0	306	1696	0	0	0	0	0	0	1390	0	P2	100n	0	-2	N	0		0.0	0.4	46	238	0	0	0	0	0	0	192	0
3000	4	100n	N	100n	2	2	P1,P2	0		0.0	1.2	3480	4269	0	0	0	0	0	0	2270	0	P1	100r	0	-2	N	0		0.0	1.4	804	2780	0	0	0	0	0	0	1976	0	P2	100n	0	-2	N	0		0.0	0.5	90	384	0	0	0	0	0	0	294	0
3000	4	100n	N	100n	2	2	P1,P2	0		0.0	0.9	1913	3474	0	0	0	0	0	0	2269	0	P1	100r	0	-2	N	0		0.0	1.3	2010	3952	0	0	0	0	0	0	1942	0	P2	100n	0	-2	N	0		0.0	0.5	261	588	0	0	0	0	0	0	327	0
3000	4	100n	N	100n	2	2	P1,P2	0		0.0	0.7	985	2398	0	0	0	0	0	0	1633	0	P1	100r	0	-2	N	0		0.0	1.0	2498	3884	0	0	0	0	0	0	1386	0	P2	100n	0	-2	N	0		0.0	0.4	407	654	0	0	0	0	0	0	247	0
3000	4	100n	N	100n	2	2	P1,P2	0		0.0	0.6	676	1559	0	0	0	0	0	0	932	0	P1	100r	0	-2	N	0		0.0	0.7	1989	2772	0	0	0	0	0	0	783	0	P2	100n	0	-2	N	0		0.0	0.3	345	494	0	0	0	0	0	0	149	0
3000	4	100n	N	100n	2	2	P1,P2	0		0.0	0.7	733	1244	0	0	0	0	0	0	537	0	P1	100r	0	-2	N	0		0.0	0.5	1108	1566	0	0	0	0	0	0	458	0	P2	100n	0	-2	N	0		0.0	0.2	219	298	0	0	0	0	0	0	79	0
3000	4	100n	N	100n	2	2	P1,P2	0		0.0	0.8	1048	1377	0	0	0	0	0	0	368	0	P1	100r	0	-2	N	0		0.0	0.4	594	916	0	0	0	0	0	0	322	0	P2	100n	0	-2	N	0		0.0	0.2	112	158	0	0	0	0	0	0	46	0
3000	4	100n	N	100n	2	2	P1,P2	0		0.0	1.0	1682	1925	0	0	0	0	0	0	336	0	P1	100r	0	-2	N	0		0.0	0.4	350	644	0	0	0	0	0	0	294	0	P2	100n	0	-2	N	0		0.0	0.2	50	92	0	0	0	0	0	0	42	0
3000	4	100n	N	100n	2	2	P1,P2	0		0.0	1.3	2733	2824	0	0	0	0	0	0	445	0	P1	100r	0	-2	N	0		0.0	0.5	189	588	0	0	0	0	0	0	399	0	P2	100n	0	-2	N	0		0.0	0.2	38	84	0	0	0	0	0	0	46	0
3000	4	100n	N	100n	2	2	P1,P2	0		0.0	1.5	4045	3806	0	0	0	0	0	0	713	0	P1	100r	0	-2	N	0		0.0	0.6	162	798	0	0	0	0	0	0	636	0	P2	100n	0	-2	N	0		0.0	0.2	15	92	0	0	0	0	0	0	77	0
3000	4	100n	N	100n	2	2	P1,P2	0		0.0	1.5	5016	4435	0	0	0	0	0	0	1172	0	P1	100r	0	-2	N	0		0.0	0.8	220	1272	0	0	0	0	0	0	1052	0	P2	100n	0	-2	N	0		0.0	0.3	34	154	0	0	0	0	0	0	120	0
3000	4	100n	N	100n	2	2	P1,P2	0		0.0	1.4	4681	4560	0	0	0	0	0	0	1855	0	P1	100r	0	-2	N	0		0.0	1.2	452	2104	0	0	0	0	0	0	1652	0	P2	100n	0	-2	N	0		0.0	0.4	37	240	0	0	0	0	0	0	203	0
3000	4	100n	N	100n	2	2	P1,P2	0		0.0	1.1	3026	4163	0	0	0	0	0	0	2472	0	P1	100r	0	-2	N	0		0.0	1.5	1109	3304	0	0	0	0	0	0	2195	0	P2	100n	0	-2	N	0		0.0	0.4	129	406	0	0	0	0	0	0	277	0
3000	4	100n	N	100n	2	2	P1,P2	0		0.0	0.8	1421	3185	0	0	0	0	0	0	2231	0	P1	100r	0	-2	N	0		0.0	1.4	2440	4390	0	0	0	0	0	0	1950	0	P2	100n	0	-2	N	0		0.0	0.4	273	554	0	0	0	0	0	0	281	0
3000	4	100n	N	100n	2	2	P1,P2	0		0.0	0.7	797	1985	0	0	0	0	0	0	1311	0	P1	100r	0	-2	N	0		0.0	0.9	2786	3900	0	0	0	0	0	0	1114	0	P2	100n	0	-2	N	0		0.0	0.4	365	562	0	0	0	0	0	0	197	0
3000	4	100n	N	100n	2	2	P1,P2	0		0.0	0.6	654	1343	0	0	0	0	0	0	732	0	P1	100r	0	-2	N	0		0.0	0.6	1606	2228	0	0	0	0	0	0	622	0	P2	100n	0	-2	N	0		0.0	0.3	284	394	0	0	0	0	0	0	110	0
3000	4	100n	N	100n	2	2	P1,P2	0		0.0	0.7	777	1190	0	0	0	0	0	0	451	0	P1	100r	0	-2	N	0		0.0	0.4	852	1244	0	0	0	0	0	0	392	0	P2	100n	0	-2	N	0		0.0	0.2	161	220	0	0	0	0	0	0	59	0
3000	4	100n	N	100n	2	2	P1,P2	0		0.0	0.9	1126	1422	0	0	0	0	0	0	352	0	P1	100r	0	-2	N	0		0.0	0.4	466	784	0	0	0	0	0	0	318	0	P2	100n	0	-2	N	0		0.0	0.1	84	118	0	0	0	0	0	0	34	0
3000	4	100n	N	100n	2	2	P1,P2	0		0.0	1.0	1801	1974	0	0	0	0	0	0	339	0	P1	100r	0	-2	N	0		0.0	0.4	322	636	0	0	0	0	0	0	314	0	P2	100n	0	-2	N	0		0.0	0.1	43	68	0	0	0	0	0	0	25	0
3000	4	100n	N	100n	2	2	P1,P2	0		0.0	1.3	2854	2901	0	0	0	0	0	0	416	0	P1	100r	0	-2	N	0		0.0	0.4	239	628	0	0	0	0	0	0	389	0	P2	100n	0	-2	N	0		0.0	0.1	23	50	0	0	0	0	0	0	27	0
3000	4	100n	N	100n	2	2	P1,P2	0		0.0	1.5	4318	3901	0	0	0	0	0	0	652	0	P1	100r	0	-2	N	0		0.0	0.6	170	778	0	0	0	0	0	0	608	0	P2	100n	0	-2	N	0		0.0	0.2	10	54	0	0	0	0	0	0	44	0
3000	4	100n	N	100n	2	2	P1,P2	0		0.0	1.5	5369	4567	0	0	0	0	0	0	1129	0	P1	100r	0	-2	N	0		0.0	0.8	156	1216	0	0	0	0	0	0	1060	0	P2	100n	0	-2	N	0		0.0	0.2	19	88	0	0	0	0	0	0	69	0
3000	4	100n	N	100n	2	2	P1,P2	0		0.0	1.4	5046	4689	0	0	0	0	0	0	1834	0	P1	100r	0	-2	N	0		0.0	1.2	398	2120	0	0	0	0	0	0	1722	0	P2	100n	0	-2	N	0		0.0	0.3	26	138	0	0	0	0	0	0	112	0
3000	4	100n	N	100n	2	2	P1,P2	0		0.0	1.1	3423	4271	0	0	0	0	0	0	2393	0	P1	100r	0	-2	N	0		0.0	1.5	1212	3444	0	0	0	0	0	0	2232	0	P2	100n	0	-2	N	0		0.0	0.3	63	224	0	0	0	0	0	0	161	0
3000	4	100n	N	100n	2	2	P1,P2	0		0.0	0.9	1760	3400	0	0	0	0	0	0	2262	0	P1	100r	0	-2	N	0		0.0	1.5	2358	4464	0	0	0	0	0	0	2106	0	P2	100n	0	-2	N	0		0.0	0.3	166	322	0	0	0	0	0	0	156	0
3000	4	100n	N	100n	2	2	P1,P2	0		0.0	0.8	1024	2300	0	0	0	0	0	0	1478	0	P1	100r	0	-2	N	0		0.0	1.0	2851	4212	0	0	0	0	0	0	1361	0	P2	100n	0	-2	N	0		0.0	0.3	195	312	0	0	0	0	0	0	117	0
3000	4	100n	N	100n	2	2	P1,P2	0		0.0	0.7	793	1616	0	0	0	0	0	0	903	0	P1	100r	0	-2	N	0		0.0	0.7	1900	2722	0	0	0	0	0	0	822	0	P2	100n	0	-2	N	0		0.0	0.2	153	234	0	0	0	0	0	0	81	0
3000	4	100n	N	100n	2	2	P1,P2	0		0.0	0.7	847	1380	0	0	0	0	0	0	589	0	P1	100r	0	-2	N	0		0.0	0.5	1108	1644	0	0	0	0	0	0	536	0	P2	100n	0	-2	N	0		0.0	0.2	109	162	0	0	0	0	0	0	53	0
3000	4	100n	N	100n	2	2	P1,P2	0		0.0	0.9	1131	1530	0	0	0	0	0	0	455	0	P1	100r	0	-2	N	0		0.0	0.5	657	1072	0	0	0	0	0	0	415	0	P2	100n	0	-2	N	0		0.0	0.2	66	106	0	0	0	0	0	0	40	0
3000	4	100n	N	100n	2	2	P1,P2	0		0.0	1.0	1665	2010	0	0	0	0	0	0	485	0	P1	100r	0	-2	N	0		0.0	0.5	386	830	0	0	0	0	0	0	444	0	P2	100n	0	-2	N	0		0.0	0.2	39	80	0	0	0	0	0	0	41	0
3000	4	100n	N	100n	2	2	P1,P2	0		0.0	1.2	2447	2723	0	0	0	0	0	0	603	0	P1	100r	0	-2	N	0		0.0	0.5	326	888	0	0	0	0	0	0	562	0	P2	100n	0	-2	N	0		0.0	0.2	41	82	0	0	0	0	0	0	41	0
3000	4	100n	N	100n	2	2	P1,P2	0		0.0	1.3	3380	3474	0	0	0	0	0	0	860	0	P1	100r	0	-2	N	0		0.0	0.7	315	1124	0	0	0	0	0	0	809	0	P2	100n	0	-2	N	0		0.0	0.2	31	82	0	0	0	0	0	0	51	0
3000	4	100n	N	100n	2	2	P1,P2	0		0.0	1.4	3937	3992	0	0	0	0	0	0	1293	0	P1	100r	0	-2	N	0		0.0	0.9	400	1618	0	0	0	0	0	0	1218	0	P2	100n	0	-2	N	0		0.0	0.2	27	102	0	0	0	0	0	0	75	0
3000	4	100n	N	100n	2	2	P1,P2	0		0.0	1.2	3560	4123	0	0	0	0	0	0	1860	0	P1	100r	0	-2	N	0		0.0	1.2	681	2436	0	0	0	0	0	0	1755	0	P2	100n	0	-2	N	0		0.0	0.3	45	150	0	0	0	0	0	0	105	0
3000	4	100n	N	100n	2	2	P1,P2	0		0.0	1.0	2464	3758	0	0	0	0	0	0	2174	0	P1	100r	0	-2	N	0		0.0	1.4	1469	3510	0	0	0	0	0	0	2041	0	P2	100n	0	-2	N	0		0.0	0.3	77	210	0	0	0	0	0	0	133	0
3000	4	100n	N	100n	2	2	P1,P2	0		0.0	0.9	1461	2961	0	0	0	0	0	0	1899	0	P1	100r	0	-2	N	0		0.0	1.2	2312	4082	0	0	0	0	0	0	1770	0	P2	100n	0	-2	N	0		0.0	0.3	137	266	0	0	0	0	0	0	129	0
3000	4	100n	N	100n	2	2	P1,P2	0		0.0	0.7	974	2084	0	0	0	0	0	0	1284	0	P1	100r	0	-2	N	0		0.0	0.9	2336	3540	0	0	0	0	0	0	1204	0	P2	100n	0	-2	N	0		0.0	0.2	178	258	0	0	0	0	0	0	80	0
3000	4	100n	N	100n	2	2	P1,P2	0		0.0	0.7	834	1574	0	0	0	0	0	0	806	0	P1	100r	0	-2	N	0		0.0	0.6	1658	2408	0	0	0	0	0	0	750	0	P2	100n	0	-2	N	0		0.0	0.2	104	160	0	0	0	0	0	0	56	0
3000	4	100n	N	100n	2	2	P1,P2	0		0.0	0.8	951	1490	0	0	0	0	0	0	593	0	P1	100r	0	-2	N	0		0.0	0.5	942	1500	0	0	0	0	0	0	558	0	P2	100n	0	-2	N	0		0.0	0.2	77	112	0	0	0	0	0	0	35	0
3000	4	100n	N	100n	2	2	P1,P2	0		0.0	0.9	1293	1716	0	0	0	0	0	0	503	0	P1	100r	0	-2	N	0		0.0	0.5	640	1116	0	0	0	0	0	0	476	0	P2	100n	0	-2	N	0		0.0	0.1	43	70	0	0	0	0	0	0	27	0
3000	4	100n	N	100n	2	2	P1,P2	0		0.0	1.0	1872	2250	0	0	0	0	0	0	554	0	P1	100r	0	-2	N	0		0.0	0.5	426	952	0	0	0	0	0	0	526	0	P2	100n	0	-2	N	0		0.0	0.1	26	54	0	0	0	0	0	0	28	0
3000	4	100n	N	100n	2	2	P1,P2	0		0.0	1.2	2694	2986	0	0	0	0	0	0	698	0	P1	100r	0	-2	N	0		0.0	0.6	389	1052	0	0	0	0	0	0	663	0	P2	100n	0	-2	N	0		0.0	0.2	21	56	0	0	0	0	0	0	35	0
3000	4	100n	N	100n	2	2	P1,P2	0		0.0	1.3	3521	3730	0	0	0	0	0	0	1057	0	P1	100r	0	-2	N	0		0.0	0.8	319	1326	0	0	0	0	0	0	1007	0	P2	100n	0	-2	N	0		0.0	0.2	20	70	0	0	0	0	0	0	50	0
3000	4	100n	N	100n	2	2	P1,P2	0		0.0	1.3	3799	4080	0	0	0	0	0	0	1553	0	P1	100r	0	-2	N	0		0.0	1.1	529	2014	0	0	0	0	0	0	1485	0	P2	100n	0	-2	N	0		0.0	0.2	32	100	0	0	0	0	0	0	68	0
3000	4	100n	N	100n	2	2	P1,P2	0		0.0	1.2	3086	3963	0	0	0	0	0	0	2016	0	P1	100r	0	-2	N	0		0.0	1.4	1058	2970	0	0	0	0	0	0	1912	0	P2	100n	0	-2	N	0		0.0	0.3	32	136	0	0	0	0	0	0	104	0
3000	4	100n	N	100n	2	2	P1,P2	0		0.0	1.0	1977	3400	0	0	0	0	0	0	2069	0	P1	100r	0	-2	N	0		0.0	1.4	1858	3824	0	0	0	0	0	0	1966	0	P2	100n	0	-2	N	0		0.0	0.3	105	208	0	0	0	0	0	0	103	0
3000	4	100n	N	100n	2	2	P1,P2	0		0.0	0.8	1200	2537	0	0	0	0	0	0	1616	0	P1	100r	0	-2	N	0		0.0	1.1	2411	3932	0	0	0	0	0	0	1521	0	P2	100n	0	-2	N	0		0.0	0.3	111	206	0	0	0	0	0	0	95	0
3000	4	100n	N	100n	2	2	P1,P2	0		0.0	0.7	868	1838	0	0	0	0	0	0	1056	0	P1	100r	0	-2	N	0		0.0	0.8	2054	3042	0	0	0	0	0	0	988	0	P2	100n	0	-2	N	0		0.0	0.2	122	190	0	0	0	0	0	0	68	0
3000	4	100n	N	100n	2	2	P1,P2	0		0.0	0.8	897	1551	0	0	0	0	0	0	699	0	P1	100r	0	-2	N	0		0.0	0.6	1321	1976	0	0	0	0	0	0	655	0	P2	100n	0	-2	N	0		0.0	0.2	92	136	0	0	0	0	0	0	44	0
3000	4	100n	N	100n	2	2	P1,P2	0		0.0	0.9	1178	1632	0	0	0	0	0	0	528	0	P1	100r	0	-2	N	0		0.0	0.5	812	1310	0	0	0	0	0	0	498	0	P2	100n	0	-2	N	0		0.0	0.1	58	88	0	0	0	0	0	0	30	0
3000	4	100n	N	100n	2	2	P1,P2	0		0.0	1.0	1677	2072	0	0	0	0	0	0	533	0	P1	100r	0	-2	N	0		0.0	0.5	489	996	0	0	0	0	0	0	507	0	P2	100n	0	-2	N	0		0.0	0.1	34	60	0	0	0	0	0	0	26	0
3000	4	100n	N	100n	2	2	P1,P2	0		0.0	1.2	2394	2734	0	0	0	0	0	0	684	0	P1	100r	0	-2	N	0		0.0	0.6	362	1014	0	0	0	0	0	0	652	0	P2	100n	0	-2	N	0		0.0	0.1	20	52	0	0	0	0	0	0	32	0
3000	4	100n	N	100n	2	2	P1,P2	0		0.0	1.3	3123	3434	0	0	0	0	0	0	977	0	P1	100r	0	-2	N	0		0.0	0.7	372	1304	0	0	0	0	0	0	932	0	P2	100n	0	-2	N	0		0.0	0.2	19	64	0	0	0	0	0	0	45	0
3000	4	100n	N	100n	2	2	P1,P2	0		0.0	1.3	3498	3905	0	0	0	0	0	0	1418	0	P1	100r	0	-2	N	0		0.0	1.0	506	1864	0	0	0	0	0	0	1358	0	P2	100n	0	-2	N	0		0.0	0.2	30	90	0	0	0	0	0	0	60	0
3000	4	100n	N	100n	2	2	P1,P2	0		0.0	1.2	3099	3944	0	0	0	0	0	0	1905	0	P1	100r	0	-2	N	0		0.0	1.2	884	2716	0	0	0	0	0	0	1832	0	P2	100n	0	-2	N	0		0.0	0.2	47	120	0	0	0	0	0	0	73	0
3000	4	100n	N	100n	2	2	P1,P2	0		0.0	1.0	2100	3501	0	0	0	0	0	0	2110	0	P1	100r	0	-2	N	0		0.0	1.4	1645	3664	0	0	0	0	0	0	2019	0	P2	100n	0	-2	N	0		0.0	0.3	55	146	0	0	0	0	0	0	91	0
3000	4	100n	N	100n	2	2	P1,P2	0		0.0	0.8	1294	2644	0	0	0	0	0	0	1656	0	P1	100r	0	-2	N	0		0.0	1.1	2468	4038	0	0	0	0	0	0	1570	0	P2	100n	0	-2	N	0		0.0	0.2	96	182	0	0	0	0	0	0	86	0
3000	4	100n	N	100n	2	2	P1,P2	0		0.0	0.7	939	1942	0	0	0	0	0	0	1127	0	P1	100r	0	-2	N	0		0.0	0.8	2083	3140	0	0	0	0	0	0	1057	0	P2	100n	0	-2	N	0		0.0	0.2	102	172	0	0	0	0	0	0	70	0
3000	4	100n	N	100n	2	2	P1,P2	0		0.0	0.7	882	1586	0	0	0	0	0	0	756	0	P1	100r	0	-2	N	0		0.0	0.6	1397	2114	0	0	0	0	0	0	717	0	P2	100n	0	-2	N	0		0.0	0.2	101	140	0	0	0	0	0	0	39	0
3000	4	100n	N	100n	2	2	P1,P2	0		0.0	0.8	1096	1616	0	0	0	0	0	0	578	0	P1	100r	0	-2	N	0		0.0	0.5	882	1434	0	0	0	0	0	0	552	0	P2	100n	0	-2	N	0		0.0	0.1	52	78	0	0	0	0	0	0	26	0
3000	4	100n	N	100n	2	2	P1,P2	0		0.0	1.0	1524	1949	0	0	0	0	0	0	552	0	P1	100r	0	-2	N	0		0.0	0.5	575	1104	0	0	0	0	0	0	529	0	P2	100n	0	-2	N	0		0.0	0.1	29	52	0	0	0	0	0	0	23	0
3000	4	100n	N	100n	2	2	P1,P2	0		0.0	1.1	2149	2550	0	0	0	0	0	0	645	0	P1	100r	0	-2	N	0		0.0	0.6	434	1058	0	0	0	0	0	0	624	0	P2	100n	0	-2	N	0		0.0	0.1	25	46	0	0	0	0	0	0	21	0
3000	4	100n	N	100n	2	2	P1,P2	0		0.0	1.3	2931	3227	0	0	0	0	0	0	879	0	P1	100r	0	-2	N	0		0.0	0.7	397	1248	0	0	0	0	0	0	851	0	P2	100n	0	-2	N	0		0.0	0.1	14	42	0	0	0	0	0	0	28	0
3000	4	100n	N	100n	2	2	P1,P2	0		0.0	1.3	3438	3731	0	0	0	0	0	0	1258	0	P1	100r	0	-2	N	0		0.0	0.9	487	1702	0	0	0	0	0	0	1215	0	P2	100n	0	-2	N	0		0.0	0.2	13	56	0	0	0	0	0	0	43	0
3000	4	100n	N	100n	2	2	P1,P2	0		0.0	1.2	3242	3901	0	0	0	0	0	0	1734	0	P1	100r	0	-2	N	0		0.0	1.2	756	2430	0	0	0	0	0	0	1674	0	P2	100n	0	-2	N	0		0.0	0.2	26	86	0	0	0	0	0	0	60	0
3000	4	100n	N	100n	2	2	P1,P2	0		0.0	1.0	2417	3602	0	0	0	0	0	0	2007	0	P1	100r	0	-2	N	0		0.0	1.3	1408	3348	0	0	0	0	0	0	1940	0	P2	100n	0	-2	N	0		0.0	0.2	53	120	0	0	0	0	0	0	67	0
3000	4	100n	N	100n	2	2	P1,P2	0		0.0	0.9	1537	2919	0	0	0	0	0	0	1791	0	P1	100r	0	-2	N	0		0.0	1.2	2152	3880	0	0	0	0	0	0	1728	0	P2	100n	0	-2	N	0		0.0	0.2	71	134	0	0	0	0	0	0	63	0
3000	4	100n	N	100n	2	2	P1,P2	0		0.0	0.8	1082	2228	0	0	0	0	0	0	1300	0	P1	100r	0	-2	N	0		0.0	0.9	2203	3456	0	0	0	0	0	0	1253	0	P2	100n	0	-2	N	0		0.0	0.2	79	126	0	0	0	0	0	0	47	0
3000	4	100n	N	100n	2	2	P1,P2	0		0.0	0.8	1010	1804	0	0	0	0	0	0	876	0	P1	100r	0	-2	N	0		0.0	0.7	1662	2506	0	0	0	0	0	0	844	0	P2	100n	0	-2	N	0		0.0	0.1	62	94	0	0	0	0	0	0	32	0
3000	4	100n	N	100n	2	2	P1,P2	0		0.0	0.8	1149	1780	0	0	0	0	0	0	715	0	P1	100r	0	-2	N	0		0.0	0.6	1004	1688	0	0	0	0	0	0	684	0	P2	100n	0	-2	N	0		0.0	0.1	33	64	0	0	0	0	0	0	31	0
3000	4	100n	N	100n	2	2	P1,P2	0		0.0	1.0	1479	2004	0	0	0	0	0	0	651	0	P1	100r	0	-2	N	0		0.0	0.6	743	1368	0	0	0	0	0	0	625	0	P2	100n	0	-2	N	0		0.0	0.1	36	62	0	0	0	0	0	0	26	0
3000	4	100n	N	100n	2	2	P1,P2	0		0.0	1.1	1970	2471	0	0	0	0	0	0	738	0	P1	100r	0	-2	N	0		0.0	0.6	541	1250	0	0	0	0	0	0	709	0	P2	100n	0	-2	N	0		0.0	0.1	23	52	0	0	0	0	0	0	29	0
3000	4	100n	N	100n	2	2	P1,P2	0		0.0	1.2	2543	3036	0	0	0	0	0	0	929	0	P1	100r	0	-2	N	0		0.0	0.7	523	1418	0	0	0	0	0	0	895	0	P2	100n	0	-2	N	0		0.0	0.2	24	58	0	0	0	0	0	0	34	0
3000	4	100n	N	100n	2	2	P1,P2	0		0.0	1.2	2964	3482	0	0	0	0	0	0	1250	0	P1	100r	0	-2	N	0		0.0	0.9	586	1790	0	0	0	0	0	0	1204	0	P2	100n	0	-2	N	0		0.0	0.2	22	68	0	0	0	0	0	0	46	0
3000	4	100n	N	100n	2	2	P1,P2	0		0.0	1.2	2894	3625	0	0	0	0	0	0	1590	0	P1	100r	0	-2	N	0		0.0	1.1	876	2408	0	0	0	0	0	0	1532	0	P2	100n	0	-2	N	0		0.0	0.2	34	92	0	0	0	0	0	0	58	0
3000	4	100n	N	100n	2	2	P1,P2	0		0.0	1.0	2348	3427	0	0	0	0	0	0	1786	0	P1	100r	0	-2	N	0		0.0	1.2	1337	3064	0	0	0	0	0	0	1727	0	P2	100n	0	-2	N	0		0.0	0.2	57	116	0	0	0	0	0	0	59	0
3000	4	100n	N	100n	2	2	P1,P2	0		0.0	0.9	1669	2971	0	0	0	0	0	0	1705	0	P1	100r	0	-2	N	0		0.0	1.2	1817	3454	0	0	0	0	0	0	1637	0	P2	100n	0	-2	N	0		0.0	0.2	50	118	0	0	0	0	0	0	68	0
3000	4	100n	N	100n	2	2	P1,P2	0		0.0	0.8	1246	2399	0	0	0	0	0	0	1382	0	P1	100r	0	-2	N	0		0.0	1.0	1952	3274	0	0	0	0	0	0	1322	0	P2	100n	0	-2	N	0		0.0	0.2	76	136	0	0	0	0	0	0	60	0
3000	4	100n	N	100n	2	2	P1,P2	0		0.0	0.8	1084	1964	0	0	0	0	0	0	1010	0	P1	100r	0	-2	N	0		0.0	0.8	1679	2644	0	0	0	0	0	0	965	0	P2	100n	0	-2	N	0		0.0	0.2	75	120	0	0	0	0	0	0	45	0
3000	4	100n	N	100n	2	2	P1,P2	0		0.0	0.8	1115	1830	0	0	0	0	0	0	811	0	P1	100r	0	-2	N	0		0.0	0.6	1150	1930	0	0	0	0	0	0	780	0	P2	100n	0	-2	N	0		0.0	0.1	59	90	0	0	0	0	0	0	31	0
3000	4	100n	N	100n	2	2	P1,P2	0		0.0	0.9	1360	1935	0	0	0	0	0	0	684	0	P1	100r	0	-2	N	0		0.0	0.6	901	1560	0	0	0	0	0	0	659	0	P2	100n	0	-2	N	0		0.0	0.1	37	62	0	0	0	0	0	0	25	0
3000	4	100n	N	100n	2	2	P1,P2	0		0.0	1.0	1795	2319	0	0	0	0	0	0	707	0	P1	100r	0	-2	N	0		0.0	0.6	633	1318	0	0	0	0	0	0	685	0	P2	100n	0	-2	N	0		0.0	0.1	28	50	0	0	0	0	0	0	22	0
3000	4	100n	N	100n	2	2	P1,P2	0		0.0	1.2	2366	2869	0	0	0	0	0	0	858	0	P1	100r	0	-2	N	0		0.0	0.7	542	1370	0	0	0	0	0	0	828	0	P2	100n	0	-2	N	0		0.0	0.1	14	44	0	0	0	0	0	0	30	0
3000	4	100n	N	100n	2	2	P1,P2	0		0.0	1.2	2877	3351	0	0	0	0	0	0	1145	0	P1	100r	0	-2	N	0		0.0	0.9	547	1656	0	0	0	0	0	0	1109	0	P2	100n	0	-2	N	0		0.0	0.2	24	60	0	0	0	0	0	0	36	0
3000	4	100n	N	100n	2	2	P1,P2	0		0.0	1.2	2950	3630	0	0	0	0	0	0	1478	0	P1	100r	0	-2	N	0		0.0	1.0	791	2218	0	0	0	0	0	0	1427	0	P2	100n	0	-2	N	0		0.0	0.2	21	72	0	0	0	0	0	0	51	0
3000	4	100n	N	100n	2	2	P1,P2	0		0.0	1.1	2606	3564	0	0	0	0	0	0	1746	0	P1	100r	0	-2	N	0		0.0	1.2	1166	2854	0	0	0	0	0	0	1688	0	P2	100n	0	-2	N	0		0.0	0.2	44	102	0	0	0	0	0	0	58	0
3000	4	100n	N	100n	2	2	P1,P2	0		0.0	1.0	1966	3192	0	0	0	0	0	0	1760	0	P1	100r	0	-2	N	0		0.0	1.2	1680	3376	0	0	0	0	0	0	1696	0	P2	100n	0	-2	N	0		0.0	0.2	52	116	0	0	0	0	0	0	64	0
3000	4	100n	N	100n	2	2	P1,P2	0		0.0	0.8	1417	2654	0	0	0	0	0	0	1543	0	P1	100r	0	-2	N	0		0.0	1.1	1904	3392	0	0	0	0	0	0	1488	0	P2	100n	0	-2	N	0		0.0	0.2	73	128	0	0	0	0	0	0	55	0
3000	4	100n	N	100n	2	2	P1,P2	0		0.0	0.8	1098	2132	0	0	0	0	0	0	1168	0	P1	100r	0	-2	N	0		0.0	0.9	1862	2976	0	0	0	0	0	0	1114	0	P2	100n	0	-2	N	0		0.0	0.2	56	110	0	0	0	0	0	0	54	0
3000	4	100n	N	100n	2	2	P1,P2	0		0.0	0.8	1078	1842	0	0	0	0	0	0	868	0	P1	100r	0	-2	N	0		0.0	0.7	1399	2228	0	0	0	0	0	0	829	0	P2	100n	0	-2	N	0		0.0	0.2	69	108	0	0	0	0	0	0	39	0
3000	4	100n	N	100n	2	2	P1,P2	0		0.0	0.9	1223	1862	0	0	0	0	0	0	729	0	P1	100r	0	-2	N	0		0.0	0.6	961	1658	0	0	0	0	0	0	697	0	P2	100n	0	-2	N	0		0.0	0.1	46	78	0	0	0	0	0	0	32	0
3000	4	100n	N	100n	2	2	P1,P2	0		0.0	1.0	1574	2117	0	0	0	0	0	0	698	0	P1	100r	0	-2	N	0		0.0	0.6	721	1394	0	0	0	0	0	0	673	0	P2	100n	0	-2	N	0		0.0	0.1	39	64	0	0	0	0	0	0	25	0
3000	4	100n	N	100n	2	2	P1,P2	0		0.0	1.1	2066	2548	0	0	0	0	0	0	774	0	P1	100r	0	-2	N	0		0.0	0.6	601	1346	0	0	0	0	0	0	745	0	P2	100n	0	-2	N	0		0.0	0.1	21	50	0	0	0	0	0	0	29	0
3000	4	100n	N	100n	2	2	P1,P2	0		0.0	1.2	2583	3060	0	0	0	0	0	0	969	0	P1	100r	0	-2	N	0		0.0	0.7	559	1490	0	0	0	0	0	0	931	0	P2	100n	0	-2	N	0		0.0	0.2	20	58	0	0	0	0	0	0	38	0
3000	4	100n	N	100n	2	2	P1,P2	0		0.0	1.2	2915	3478	0	0	0	0	0	0	1273	0	P1	100r	0	-2	N	0		0.0	0.9	636	1862	0	0	0	0	0	0	1226	0	P2	100n	0	-2	N	0		0.0	0.2	29	76	0	0	0	0	0	0	47	0
3000	4	100n	N	100n	2	2	P1,P2	0		0.0	1.2	2797	3608	0	0	0	0	0	0	1627	0	P1	100r	0	-2	N	0		0.0	1.1	887	2452	0	0	0	0	0	0	1565	0	P2	100n	0	-2	N	0		0.0	0.2	32	94	0	0	0	0	0	0	62	0
3000	4	100n	N	100n	2	2	P1,P2	0		0.0	1.1	2248	3401	0	0	0	0	0	0	1806	0	P1	100r	0	-2	N	0		0.0	1.2	1393	3130	0	0	0	0	0	0	1737	0	P2	100n	0	-2	N	0		0.0	0.2	55	124	0	0	0	0	0	0	69	0
3000	4	100n	N	100n	2	2	P1,P2	0		0.0	0.9	1607	2873	0	0	0	0	0	0	1669	0	P1	100r	0	-2	N	0		0.0	1.2	1867	3474	0	0	0	0	0	0	1607	0	P2	100n	0	-2	N	0		0.0	0.2	76	138	0	0	0	0	0	0	62	0
3000	4	100n	N	100n	2	2	P1,P2	0		0.0	0.8	1200	2297	0	0	0	0	0	0	1286	0	P1	100r	0	-2	N	0		0.0	0.9	1983	3214	0	0	0	0	0	0	1231	0	P2	100n	0	-2	N	0		0.0	0.2	69	124	0	0	0	0	0	0	55	0
3000	4	100n	N	100n	2	2	P1,P2	0		0.0	0.8	1067	1925	0	0	0	0	0	0	979	0	P1	100r	0	-2	N	0		0.0	0.7	1519	2462	0	0	0	0	0	0	943	0	P2	100n	0	-2	N	0		0.0	0.2	74	110	0	0	0	0	0	0	36	0
3000	4	100n	N	100n	2	2	P1,P2	0		0.0	0.8	1157	1793	0	0	0	0	0	0	751	0	P1	100r	0	-2	N	0		0.0	0.6	1161	1886	0	0	0	0	0	0	725	0	P2	100n	0	-2	N	0		0.0	0.1	46	72	0	0	0	0	0	0	26	0
3000	4	100n	N	100n	2	2	P1,P2	0		0.0	0.9	1419	1955	0	0	0	0	0	0	671	0	P1	100r	0	-2	N	0		0.0	0.6	805	1450	0	0	0	0	0	0	645	0	P2	100n	0	-2	N	0		0.0	0.1	26	52	0	0	0	0	0	0	26	0
3000	4	100n	N	100n	2	2	P1,P2	0		0.0	1.1	1861	2359	0	0	0	0	0	0	709	0	P1	100r	0	-2	N	0		0.0	0.6	610	1290	0	0	0	0	0	0	680	0	P2	100n	0	-2	N	0		0.0	0.1	23	52	0	0	0	0	0	0	29	0
3000	4	100n	N	100n	2	2	P1,P2	0		0.0	1.2	2424	2907	0	0	0	0	0	0	876	0	P1	100r	0	-2	N	0		0.0	0.7	517	1360	0	0	0	0	0	0	843	0	P2	100n	0	-2	N	0		0.0	0.1	25	58	0	0	0	0	0	0	33	0
3000	4	100n	N	100n	2	2	P1,P2	0		0.0	1.2	2907	3410	0	0	0	0	0	0	1161	0	P1	100r	0	-2	N	0		0.0	0.8	569	1686	0	0	0	0	0	0	1117	0	P2	100n	0	-2	N	0		0.0	0.2	22	66	0	0	0	0	0	0	44	0
3000	4	100n	N	100n	2	2	P1,P2	0		0.0	1.2	2917	3692	0	0	0	0	0	0	1591	0	P1	100r	0	-2	N	0		0.0	1.1	707	2234	0	0	0	0	0	0	1527	0	P2	100n	0	-2	N	0		0.0	0.2	24	88	0	0	0	0	0	0	64	0
3000	4	100n	N	100n	2	2	P1,P2	0		0.0	1.1	2441	3523	0	0	0	0	0	0	1825	0	P1	100r	0	-2	N	0		0.0	1.2	1308	3054	0	0	0	0	0	0	1746	0	P2	100n	0	-2	N	0		0.0	0.2	49	128	0	0	0	0	0	0	79	0
3000	4	100n	N	100n	2	2	P1,P2	0		0.0	0.9	1699	3033	0	0	0	0	0	0	1793	0	P1	100r	0	-2	N	0		0.0	1.2	1771	3492	0	0	0	0	0	0	1721	0	P2	100n	0	-2	N	0		0.0	0.2	86	158	0	0	0	0	0	0	72	0
3000	4	100n	N	100n	2	2	P1,P2	0		0.0	0.8	1159	2378	0	0	0	0	0	0	1435	0	P1	100r	0	-2	N	0		0.0	1.0	2079	3442	0	0	0	0	0	0	1363	0	P2	100n	0	-2	N	0		0.0	0.2	72	144	0	0	0	0	0	0	72	0
3000	4	100n	N	100n	2	2	P1,P2	0		0.0	0.7	943	1827	0	0	0	0	0	0	991	0	P1	100r	0	-2	N	0		0.0	0.7	1785	2726	0	0	0	0	0	0	941	0	P2	100n	0	-2	N	0		0.0	0.2	94	144	0	0	0	0	0	0	50	0
3000	4	100n	N	100n	2	2	P1,P2	0		0.0	0.8	985	1610	0	0	0	0	0	0	693	0	P1	100r	0	-2	N	0		0.0	0.6	1234	1882	0	0	0	0	0	0	648	0	P2	100n	0	-2	N	0		0.0	0.2	55	100	0	0	0	0	0	0	45	0
3000	4	100n	N	100n	2	2	P1,P2	0		0.0	0.9	1239	1746	0	0	0	0	0	0	597	0	P1	100r	0	-2	N	0		0.0	0.5	736	1296	0	0	0	0	0	0	560	0	P2	100n	0	-2	N	0		0.0	0.2	53	90	0	0	0	0	0	0	37	0
3000	4	100n	N	100n	2	2	P1,P2	0		0.0	1.0	1718	2125	0	0	0	0	0	0	580	0	P1	100r	0	-2	N	0		0.0	0.5	577	1120	0	0	0	0	0	0	543	0	P2	100n	0	-2	N	0		0.0	0.2	37	74	0	0	0	0	0	0	37	0
3000	4	100n	N	100n	2	2	P1,P2	0		0.0	1.2	2361	2765	0	0	0	0	0	0	729	0	P1	100r	0	-2	N	0		0.0	0.6	406	1086	0	0	0	0	0	0	680	0	P2	100n	0	-2	N	0		0.0	0.2	25	74	0	0	0	0	0	0	49	0
3000	4	100n	N	100n	2	2	P1,P2	0		0.0	1.2	3048	3424	0	0	0	0	0	0	1028	0	P1	100r	0	-2	N	0		0.0	0.7	405	1360	0	0	0	0	0	0	955	0	P2	100n	0	-2	N	0		0.0	0.2	25	98	0	0	0	0	0	0	73	0
3000	4	100n	N	100n	2	2	P1,P2	0		0.0	1.2	3322	3826	0	0	0	0	0	0	1474	0	P1	100r	0	-2	N	0		0.0	1.0	540	1910	0	0	0	0	0	0	1370	0	P2	100n	0	-2	N	0		0.0	0.3	42	146	0	0	0	0	0	0	104	0
3000	4	100n	N	100n	2	2	P1,P2	0		0.0	1.2	2836	3846	0	0	0	0	0	0	1914	0	P1	100r	0	-2	N	0		0.0	1.2	958	2740	0	0	0	0	0	0	1782	0	P2	100n	0	-2	N	0		0.0	0.3	76	208	0	0	0	0	0	0	132	0
3000	4	100n	N	100n	2	2	P1,P2	0		0.0	1.0	2007	3307	0	0	0	0	0	0	1963	0	P1	100r	0	-2	N	0		0.0	1.3	1755	3564	0	0	0	0	0	0	1809	0	P2	100n	0	-2	N	0		0.0	0.3	110	264	0	0	0	0	0	0	154	0
3000	4	100n	N	100n	2	2	P1,P2	0		0.0	0.8	1250	2578	0	0	0	0	0	0	1590	0	P1	100r	0	-2	N	0		0.0	1.0	2170	3618	0	0	0	0	0	0	1448	0	P2	100n	0	-2	N	0		0.0	0.3	166	308	0	0	0	0	0	0	142	0
3000	4	100n	N	100n	2	2	P1,P2	0		0.0	0.7	957	1906	0	0	0	0	0	0	1077	0	P1	100r	0	-2	N	0		0.0	0.8	1925	2896	0	0	0	0	0	0	971	0	P2	100n	0	-2	N	0		0.0	0.3	178	284	0	0	0	0	0	0	106	0
3000	4	100n	N	100n	2	2	P1,P2	0		0.0	0.8	947	1618	0	0	0	0	0	0	727	0	P1	100r	0	-2	N	0		0.0	0.6	1287	1942	0	0	0	0	0	0	655	0	P2	100n	0	-2	N	0		0.0	0.2	140	212	0	0	0	0	0	0	72	0
3000	4	100n	N	100n	2	2	P1,P2	0		0.0	0.9	1180	1711	0	0	0	0	0	0	608	0	P1	100r	0	-2	N	0		0.0	0.5	759	1310	0	0	0	0	0	0	551	0	P2	100n	0	-2	N	0		0.0	0.2	87	144	0	0	0	0	0	0	57	0
3000	4	100n	N	100n	2	2	P1,P2	0		0.0	1.0	1618	2070	0	0	0	0	0	0	590	0	P1	100r	0	-2	N	0		0.0	0.5	568	1102	0	0	0	0	0	0	534	0	P2	100n	0	-2	N	0		0.0	0.2	58	114	0	0	0	0	0	0	56	0
3000	4	100n	N	100n	2	2	P1,P2	0		0.0	1.1	2232	2666	0	0	0	0	0	0	730	0	P1	100r	0	-2	N	0		0.0	0.6	412	1068	0	0	0	0	0	0	656	0	P2	100n	0	-2	N	0		0.0	0.2	38	112	0	0	0	0	0	0	74	0
3000	4	100n	N	100n	2	2	P1,P2	0		0.0	1.3	2893	3275	0	0	0	0	0	0	983	0	P1	100r	0	-2	N	0		0.0	0.7	429	1312	0	0	0	0	0	0	883	0	P2	100n	0	-2	N	0		0.0	0.3	48	148	0	0	0	0	0	0	100	0
3000	4	100n	N	100n	2	2	P1,P2	0		0.0	1.3	3234	3686	0	0	0	0	0	0	1356	0	P1	100r	0	-2	N	0		0.0	0.9	548	1766	0	0	0	0	0	0	1218	0	P2	100n	0	-2	N	0		0.0	0.3	62	200	0	0	0	0	0	0	138	0
3000	4	100n	N	100n	2	2	P1,P2	0		0.0	1.2	2889	3724	0	0	0	0	0	0	1803	0	P1	100r	0	-2	N	0		0.0	1.1	812	2436	0	0	0	0	0	0	1624	0	P2	100n	0	-2	N	0		0.0	0.3	97	276	0	0	0	0	0	0	179	0
3000	4	100n	N	100n	2	2	P1,P2	0		0.0	1.0	2049	3305	0	0	0	0	0	0	1897	0	P1	100r	0	-2	N	0		0.0	1.2	1548	3248	0	0	0	0	0	0	1700	0	P2	100n	0	-2	N	0		0.0	0.4	161	358	0	0	0	0	0	0	197	0
3000	4	100n	N	100n	2	2	P1,P2	0		0.0	0.8	1320	2592	0	0	0	0	0	0	1590	0	P1	100r	0	-2	N	0		0.0	1.0	1998	3400	0	0	0	0	0	0	1402	0	P2	100n	0	-2	N	0		0.0	0.4	206	394	0	0	0	0	0	0	188	0
3000	4	100n	N	100n	2	2	P1,P2	0		0.0	0.8	972	1988	0	0	0	0	0	0	1124	0	P1	100r	0	-2	N	0		0.0	0.8	1829	2804	0	0	0	0	0	0	975	0	P2	100n	0	-2	N	0		0.0	0.3	227	376	0	0	0	0	0	0	149	0
3000	4	100n	N	100n	2	2	P1,P2	0		0.0	0.8	971	1665	0	0	0	0	0	0	775	0	P1	100r	0	-2	N	0		0.0	0.6	1261	1950	0	0	0	0	0	0	689	0	P2	100n	0	-2	N	0		0.0	0.2	212	298	0	0	0	0	0	0	86	0
3000	4	100n	N	100n	2	2	P1,P2	0		0.0	0.8	1200	1685	0	0	0	0	0	0	582	0	P1	100r	0	-2	N	0		0.0	0.5	860	1378	0	0	0	0	0	0	518	0	P2	100n	0	-2	N	0		0.0	0.2	108	172	0	0	0	0	0	0	64	0
3000	4	100n	N	100n	2	2	P1,P2	0		0.0	1.0	1615	2074	0	0	0	0	0	0	591	0	P1	100r	0	-2	N	0		0.0	0.5	502	1036	0	0	0	0	0	0	534	0	P2	100n	0	-2	N	0		0.0	0.2	71	128	0	0	0	0	0	0	57	0
3000	4	100n	N	100n	2	2	P1,P2	0		0.0	1.1	2250	2675	0	0	0	0	0	0	716	0	P1	100r	0	-2	N	0		0.0	0.6	418	1068	0	0	0	0	0	0	650	0	P2	100n	0	-2	N	0		0.0	0.2	48	114	0	0	0	0	0	0	66	0
3000	4	100n	N	100n	2	2	P1,P2	0		0.0	1.3	2936	3322	0	0	0	0	0	0	982	0	P1	100r	0	-2	N	0		0.0	0.7	405	1300	0	0	0	0	0	0	895	0	P2	100n	0	-2	N	0		0.0	0.2	45	132	0	0	0	0	0	0	87	0
3000	4	100n	N	100n	2	2	P1,P2	0		0.0	1.2	3320	3735	0	0	0	0	0	0	1370	0	P1	100r	0	-2	N	0		0.0	0.9	543	1790	0	0	0	0	0	0	1247	0	P2	100n	0	-2	N	0		0.0	0.3	51	174	0	0	0	0	0	0	123	0
3000	4	100n	N	100n	2	2	P1,P2	0		0.0	1.2	2953	3832	0	0	0	0	0	0	1811	0	P1	100r	0	-2	N	0		0.0	1.2	839	2494	0	0	0	0	0	0	1655	0	P2	100n	0	-2	N	0		0.0	0.3	90	246	0	0	0	0	0	0	156	0
3000	4	100n	N	100n	2	2	P1,P2	0		0.0	1.0	2166	3408	0	0	0	0	0	0	1958	0	P1	100r	0	-2	N	0		0.0	1.3	1516	3310	0	0	0	0	0	0	1794	0	P2	100n	0	-2	N	0		0.0	0.3	148	312	0	0	0	0	0	0	164	0
3000	4	100n	N	100n	2	2	P1,P2	0		0.0	0.9	1347	2731	0	0	0	0	0	0	1711	0	P1	100r	0	-2	N	0		0.0	1.1	2042	3588	0	0	0	0	0	0	1546	0	P2	100n	0	-2	N	0		0.0	0.3	163	328	0	0	0	0	0	0	165	0
3000	4	100n	N	100n	2	2	P1,P2	0		0.0	0.7	961	2004	0	0	0	0	0	0	1185	0	P1	100r	0	-2	N	0		0.0	0.8	2031	3092	0	0	0	0	0	0	1061	0	P2	100n	0	-2	N	0		0.0	0.3	206	330	0	0	0	0	0	0	124	0
3000	4	100n	N	100n	2	2	P1,P2	0		0.0	0.7	852	1606	0	0	0	0	0	0	814	0	P1	100r	0	-2	N	0		0.0	0.6	1392	2122	0	0	0	0	0	0	730	0	P2	100n	0	-2	N	0		0.0	0.2	164	248	0	0	0	0	0	0	84	0
3000	4	100n	N	100n	2	2	P1,P2	0		0.0	0.8	1011	1530	0	0	0	0	0	0	579	0	P1	100r	0	-2	N	0		0.0	0.5	935	1460	0	0	0	0	0	0	525	0	P2	100n	0	-2	N	0		0.0	0.2	114	168	0	0	0	0	0	0	54	0
3000	4	100n	N	100n	2	2	P1,P2	0		0.0	0.9	1389	1823	0	0	0	0	0	0	515	0	P1	100r	0	-2	N	0		0.0	0.5	581	1050	0	0	0	0	0	0	469	0	P2	100n	0	-2	N	0		0.0	0.2	62	108	0	0	0	0	0	0	46	0
3000	4	100n	N	100n	2	2	P1,P2	0		0.0	1.1	2029	2398	0	0	0	0	0	0	589	0	P1	100r	0	-2	N	0		0.0	0.5	395	938	0	0	0	0	0	0	543	0	P2	100n	0	-2	N	0		0.0	0.2	46	92	0	0	0	0	0	0	46	0
3000	4	100n	N	100n	2	2	P1,P2	0		0.0	1.2	2859	3114	0	0	0	0	0	0	759	0	P1	100r	0	-2	N	0		0.0	0.6	387	1086	0	0	0	0	0	0	699	0	P2	100n	0	-2	N	0		0.0	0.2	32	92	0	0	0	0	0	0	60	0
3000	4	100n	N	100n	2	2	P1,P2	0		0.0	1.3	3556	3796	0	0	0	0	0	0	1154	0	P1	100r	0	-2	N	0		0.0	0.8	345	1398	0	0	0	0	0	0	1053	0	P2	100n	0	-2	N	0		0.0	0.3	19	120	0	0	0	0	0	0	101	0
3000	4	100n	N	100n	2	2	P1,P2	0		0.0	1.3	3606	4063	0	0	0	0	0	0	1686	0	P1	100r	0	-2	N	0		0.0	1.1	567	2106	0	0	0	0	0	0	1539	0	P2	100n	0	-2	N	0		0.0	0.3	55	202	0	0	0	0	0	0	147	0
3000	4	100n	N	100n	2	2	P1,P2	0		0.0	1.1	2785	3812	0	0	0	0	0	0	2047	0	P1	100r	0	-2	N	0		0.0	1.3	1209	3078	0	0	0	0	0	0	1869	0	P2	100n	0	-2	N	0		0.0	0.3	116	294	0	0	0	0	0	0	178	0
3000	4	100n	N	100n	2	2	P1,P2	0		0.0	0.9	1719	3193	0	0	0	0	0	0	1971	0	P1	100r	0	-2	N	0		0.0	1.3	1953	3738	0	0	0	0	0	0	1785	0	P2	100n	0	-2	N	0		0.0	0.3	170	356	0	0	0	0	0	0	186	0
3000	4	100n	N	100n	2	2	P1,P2	0		0.0	0.8	1108	2387	0	0	0	0	0	0	1488	0	P1	100r	0	-2	N	0		0.0	1.0	2240	3570	0	0	0	0	0	0	1330	0	P2	100n	0	-2	N	0		0.0	0.3	214	372	0	0	0	0	0	0	158	0
3000	4	100n	N	100n	2	2	P1,P2	0		0.0	0.7	861	1768	0	0	0	0	0	0	989	0	P1	100r	0	-2	N	0		0.0	0.7	1783	2660	0	0	0	0	0	0	877	0	P2	100n	0	-2	N	0		0.0	0.3	204	316	0	0	0	0	0	0	112	0
3000	4	100n	N	100n	2	2	P1,P2	0		0.0	0.7	876	1517	0	0	0	0	0	0	692	0	P1	100r	0	-2	N	0		0.0	0.6	1126	1754	0	0	0	0	0	0	628	0	P2	100n	0	-2	N	0		0.0	0.2	160	224	0	0	0	0	0	0	64	0
3000	4	100n	N	100n	2	2	P1,P2	0		0.0	0.8	1123	1581	0	0	0	0	0	0	529	0	P1	100r	0	-2	N	0		0.0	0.5	766	1256	0	0	0	0	0	0	490	0	P2	100n	0	-2	N	0		0.0	0.2	89	128	0	0	0	0	0	0	39	0
3000	4	100n	N	100n	2	2	P1,P2	0		0.0	1.0	1620	1984	0	0	0	0	0	0	484	0	P1	100r	0	-2	N	0		0.0	0.5	537	980	0	0	0	0	0	0	443	0	P2	100n	0	-2	N	0		0.0	0.2	37	78	0	0	0	0	0	0	41	0
3000	4	100n	N	100n	2	2	P1,P2	0		0.0	1.2	2421	2674	0	0	0	0	0	0	581	0	P1	100r	0	-2	N	0		0.0	0.5	347	886	0	0	0	0	0	0	539	0	P2	100n	0	-2	N	0		0.0	0.2	40	82	0	0	0	0	0	0	42	0
3000	4	100n	N	100n	2	2	P1,P2	0		0.0	1.3	3338	3492	0	0	0	0	0	0	848	0	P1	100r	0	-2	N	0		0.0	0.7	286	1078	0	0	0	0	0	0	792	0	P2	100n	0	-2	N	0		0.0	0.2	28	84	0	0	0	0	0	0	56	0
3000	4	100n	N	100n	2	2	P1,P2	0		0.0	1.4	3967	4079	0	0	0	0	0	0	1323	0	P1	100r	0	-2	N	0		0.0	0.9	348	1584	0	0	0	0	0	0	1236	0	P2	100n	0	-2	N	0		0.0	0.2	25	112	0	0	0	0	0	0	87	0
3000	4	100n	N	100n	2	2	P1,P2	0		0.0	1.3	3659	4160	0	0	0	0	0	0	1887	0	P1	100r	0	-2	N	0		0.0	1.2	713	2472	0	0	0	0	0	0	1759	0	P2	100n	0	-2	N	0		0.0	0.3	46	174	0	0	0	0	0	0	128	0
3000	4	100n	N	100n	2	2	P1,P2	0		0.0	1.0	2496	3718	0	0	0	0	0	0	2162	0	P1	100r	0	-2	N	0		0.0	1.4	1508	3518	0	0	0	0	0	0	2010	0	P2	100n	0	-2	N	0		0.0	0.3	104	256	0	0	0	0	0	0	152	0
3000	4	100n	N	100n	2	2	P1,P2	0		0.0	0.9	1458	2927	0	0	0	0	0	0	1852	0	P1	100r	0	-2	N	0		0.0	1.2	2310	4020	0	0	0	0	0	0	1710	0	P2	100n	0	-2	N	0		0.0	0.3	162	304	0	0	0	0	0	0	142	0
3000	4	100n	N	100n	2	2	P1,P2	0		0.0	0.7	957	2112	0	0	0	0	0	0	1291	0	P1	100r	0	-2	N	0		0.0	0.9	2220	3420	0	0	0	0	0	0	1200	0	P2	100n	0	-2	N	0		0.0	0.2	193	284	0	0	0	0	0	0	91	0
3000	4	100n	N	100n	2	2	P1,P2	0		0.0	0.7	866	1610	0	0	0	0	0	0	808	0	P1	100r	0	-2	N	0		0.0	0.6	1656	2400	0	0	0	0	0	0	744	0	P2	100n	0	-2	N	0		0.0	0.2	118	182	0	0	0	0	0	0	64	0
3000	4	100n	N	100n	2	2	P1,P2	0		0.0	0.8	1029	1550	0	0	0	0	0	0	581	0	P1	100r	0	-2	N	0		0.0	0.5	959	1488	0	0	0	0	0	0	529	0	P2	100n	0	-2	N	0		0.0	0.2	76	128	0	0	0	0	0	0	52	0
3000	4	100n	N	100n	2	2	P1,P2	0		0.0	0.9	1398	1827	0	0	0	0	0	0	540	0	P1	100r	0	-2	N	0		0.0	0.5	569	1058	0	0	0	0	0	0	489	0	P2	100n	0	-2	N	0		0.0	0.2	53	104	0	0	0	0	0	0	51	0
3000	4	100n	N	100n	2	2	P1,P2	0		0.0	1.1	1968	2376	0	0	0	0	0	0	606	0	P1	100r	0	-2	N	0		0.0	0.5	421	978	0	0	0	0	0	0	557	0	P2	100n	0	-2	N	0		0.0	0.2	53	102	0	0	0	0	0	0	49	0
3000	4	100n	N	100n	2	2	P1,P2	0		0.0	1.2	2766	3019	0	0	0	0	0	0	774	0	P1	100r	0	-2	N	0		0.0	0.6	403	1114	0	0	0	0	0	0	711	0	P2	100n	0	-2	N	0		0.0	0.2	35	98	0	0	0	0	0	0	63	0
3000	4	100n	N	100n	2	2	P1,P2	0		0.0	1.3	3365	3662	0	0	0	0	0	0	1127	0	P1	100r	0	-2	N	0		0.0	0.8	385	1422	0	0	0	0	0	0	1037	0	P2	100n	0	-2	N	0		0.0	0.2	36	126	0	0	0	0	0	0	90	0
3000	4	100n	N	100n	2	2	P1,P2	0		0.0	1.3	3441	4009	0	0	0	0	0	0	1635	0	P1	100r	0	-2	N	0		0.0	1.0	576	2074	0	0	0	0	0	0	1498	0	P2	100n	0	-2	N	0		0.0	0.3	43	180	0	0	0	0	0	0	137	0
3000	4	100n	N	100n	2	2	P1,P2	0		0.0	1.1	2780	3809	0	0	0	0	0	0	2022	0	P1	100r	0	-2	N	0		0.0	1.3	1157	2996	0	0	0	0	0	0	1839	0	P2	100n	0	-2	N	0		0.0	0.3	91	274	0	0	0	0	0	0	183	0
3000	4	100n	N	100n	2	2	P1,P2	0		0.0	0.9	1739	3166	0	0	0	0	0	0	1945	0	P1	100r	0	-2	N	0		0.0	1.2	1938	3678	0	0	0	0	0	0	1740	0	P2	100n	0	-2	N	0		0.0	0.4	161	366	0	0	0	0	0	0	205	0
3000	4	100n	N	100n	2	2	P1,P2	0		0.0	0.8	1091	2366	0	0	0	0	0	0	1503	0	P1	100r	0	-2	N	0		0.0	1.0	2144	3480	0	0	0	0	0	0	1336	0	P2	100n	0	-2	N	0		0.0	0.3	243	410	0	0	0	0	0	0	167	0
3000	4	100n	N	100n	2	2	P1,P2	0		0.0	0.7	833	1701	0	0	0	0	0	0	959	0	P1	100r	0	-2	N	0		0.0	0.7	1823	2672	0	0	0	0	0	0	849	0	P2	100n	0	-2	N	0		0.0	0.3	224	334	0	0	0	0	0	0	110	0
3000	4	100n	N	100n	2	2	P1,P2	0		0.0	0.7	839	1454	0	0	0	0	0	0	657	0	P1	100r	0	-2	N	0		0.0	0.6	1121	1698	0	0	0	0	0	0	577	0	P2	100n	0	-2	N	0		0.0	0.2	140	220	0	0	0	0	0	0	80	0
3000	4	100n	N	100n	2	2	P1,P2	0		0.0	0.8	1116	1538	0	0	0	0	0	0	484	0	P1	100r	0	-2	N	0		0.0	0.5	723	1154	0	0	0	0	0	0	431	0	P2	100n	0	-2	N	0		0.0	0.2	107	160	0	0	0	0	0	0	53	0
3000	4	100n	N	100n	2	2	P1,P2	0		0.0	1.0	1646	1999	0	0	0	0	0	0	462	0	P1	100r	0	-2	N	0		0.0	0.5	435	862	0	0	0	0	0	0	427	0	P2	100n	0	-2	N	0		0.0	0.2	71	106	0	0	0	0	0	0	35	0
3000	4	100n	N	100n	2	2	P1,P2	0		0.0	1.2	2493	2747	0	0	0	0	0	0	581	0	P1	100r	0	-2	N	0		0.0	0.5	313	854	0	0	0	0	0	0	541	0	P2	100n	0	-2	N	0		0.0	0.2	30	70	0	0	0	0	0	0	40	0
3000	4	100n	N	100n	2	2	P1,P2	0		0.0	1.4	3488	3549	0	0	0	0	0	0	844	0	P1	100r	0	-2	N	0		0.0	0.7	292	1082	0	0	0	0	0	0	790	0	P2	100n	0	-2	N	0		0.0	0.2	26	80	0	0	0	0	0	0	54	0
3000	4	100n	N	100n	2	2	P1,P2	0		0.0	1.4	4095	4119	0	0	0	0	0	0	1317	0	P1	100r	0	-2	N	0		0.0	0.9	343	1580	0	0	0	0	0	0	1237	0	P2	100n	0	-2	N	0		0.0	0.2	28	108	0	0	0	0	0	0	80	0
3000	4	100n	N	100n	2	2	P1,P2	0		0.0	1.2	3720	4190	0	0	0	0	0	0	1912	0	P1	100r	0	-2	N	0		0.0	1.2	672	2474	0	0	0	0	0	0	1802	0	P2	100n	0	-2	N	0		0.0	0.3	50	160	0	0	0	0	0	0	110	0
3000	4	100n	N	100n	2	2	P1,P2	0		0.0	1.0	2411	3788	0	0	0	0	0	0	2275	0	P1	100r	0	-2	N	0		0.0	1.5	1471	3604	0	0	0	0	0	0	2133	0	P2	100n	0	-2	N	0		0.0	0.3	78	220	0	0	0	0	0	0	142	0
3000	4	100n	N	100n	2	2	P1,P2	0		0.0	0.8	1337	2896	0	0	0	0	0	0	1913	0	P1	100r	0	-2	N	0		0.0	1.3	2510	4266	0	0	0	0	0	0	1756	0	P2	100n	0	-2	N	0		0.0	0.3	127	284	0	0	0	0	0	0	157	0
3000	4	100n	N	100n	2	2	P1,P2	0		0.0	0.7	840	1975	0	0	0	0	0	0	1258	0	P1	100r	0	-2	N	0		0.0	0.9	2372	3512	0	0	0	0	0	0	1140	0	P2	100n	0	-2	N	0		0.0	0.3	196	314	0	0	0	0	0	0	118	0
3000	4	100n	N	100n	2	2	P1,P2	0		0.0	0.7	736	1421	0	0	0	0	0	0	736	0	P1	100r	0	-2	N	0		0.0	0.6	1612	2280	0	0	0	0	0	0	668	0	P2	100n	0	-2	N	0		0.0	0.2	168	236	0	0	0	0	0	0	68	0
3000	4	100n	N	100n	2	2	P1,P2	0		0.0	0.7	907	1347	0	0	0	0	0	0	469	0	P1	100r	0	-2	N	0		0.0	0.5	916	1336	0	0	0	0	0	0	420	0	P2	100n	0	-2	N	0		0.0	0.2	87	136	0	0	0	0	0	0	49	0
3000	4	100n	N	100n	2	2	P1,P2	0		0.0	0.9	1361	1699	0	0	0	0	0	0	397	0	P1	100r	0	-2	N	0		0.0	0.4	484	840	0	0	0	0	0	0	356	0	P2	100n	0	-2	N	0		0.0	0.2	57	98	0	0	0	0	0	0	41	0
3000	4	100n	N	100n	2	2	P1,P2	0		0.0	1.1	2173	2391	0	0	0	0	0	0	431	0	P1	100r	0	-2	N	0		0.0	0.4	320	712	0	0	0	0	0	0	392	0	P2	100n	0	-2	N	0		0.0	0.2	43	82	0	0	0	0	0	0	39	0
3000	4	100n	N	100n	2	2	P1,P2	0		0.0	1.3	3304	3311	0	0	0	0	0	0	616	0	P1	100r	0	-2	N	0		0.0	0.5	221	784	0	0	0	0	0	0	563	0	P2	100n	0	-2	N	0		0.0	0.2	25	78	0	0	0	0	0	0	53	0
3000	4	100n	N	100n	2	2	P1,P2	0		0.0	1.5	4406	4099	0	0	0	0	0	0	984	0	P1	100r	0	-2	N	0		0.0	0.7	226	1126	0	0	0	0	0	0	900	0	P2	100n	0	-2	N	0		0.0	0.2	22	106	0	0	0	0	0	0	84	0
