3000	4	100n	N	100n	2	2	P1,P2	0		0.0	1.5	3974	3369	0	0	0	0	0	0	26	0	P1	100r	0	-2	N	0		0.0	0.1	8	20	0	0	0	0	0	0	12	0	P2	100n	0	-2	N	0		0.0	0.1	6	20	0	0	0	0	0	0	14	0
3000	4	100n	N	100n	2	2	P1,P2	0		0.0	1.7	6640	4665	0	0	0	0	0	0	46	0	P1	100r	0	-2	N	0		0.0	0.1	3	24	0	0	0	0	0	0	21	0	P2	100n	0	-2	N	0		0.0	0.1	3	28	0	0	0	0	0	0	25	0
3000	4	100n	N	100n	2	2	P1,P2	0		0.0	1.8	9149	5328	0	0	0	0	0	0	89	0	P1	100r	0	-2	N	0		0.0	0.2	3	42	0	0	0	0	0	0	39	0	P2	100n	0	-2	N	0		0.0	0.2	0	50	0	0	0	0	0	0	50	0
3000	4	100n	N	100n	2	2	P1,P2	0		0.0	1.9	10307	5540	0	0	0	0	0	0	171	0	P1	100r	0	-2	N	0		0.0	0.2	0	78	0	0	0	0	0	0	78	0	P2	100n	0	-2	N	0		0.0	0.2	7	100	0	0	0	0	0	0	93	0
3000	4	100n	N	100n	2	2	P1,P2	0		0.0	1.9	10414	5517	0	0	0	0	0	0	324	0	P1	100r	0	-2	N	0		0.0	0.3	3	156	0	0	0	0	0	0	153	0	P2	100n	0	-2	N	0		0.0	0.3	15	186	0	0	0	0	0	0	171	0
3000	4	100n	N	100n	2	2	P1,P2	0		0.0	1.8	9761	5484	0	0	0	0	0	0	625	0	P1	100r	0	-2	N	0		0.0	0.4	7	306	0	0	0	0	0	0	299	0	P2	100n	0	-2	N	0		0.0	0.5	16	342	0	0	0	0	0	0	326	0
3000	4	100n	N	100n	2	2	P1,P2	0		0.0	1.7	8564	5385	0	0	0	0	0	0	1158	0	P1	100r	0	-2	N	0		0.0	0.6	33	598	0	0	0	0	0	0	565	0	P2	100n	0	-2	N	0		0.0	0.6	59	652	0	0	0	0	0	0	593	0
3000	4	100n	N	100n	2	2	P1,P2	0		0.0	1.4	6450	5130	0	0	0	0	0	0	2020	0	P1	100r	0	-2	N	0		0.0	0.8	126	1130	0	0	0	0	0	0	1004	0	P2	100n	0	-2	N	0		0.0	0.8	170	1186	0	0	0	0	0	0	1016	0
3000	4	100n	N	100n	2	2	P1,P2	0		0.0	1.1	3381	4509	0	0	0	0	0	0	2929	0	P1	100r	0	-2	N	0		0.0	1.0	557	2008	0	0	0	0	0	0	1451	0	P2	100n	0	-2	N	0		0.0	1.0	554	2032	0	0	0	0	0	0	1478	0
3000	4	100n	N	100n	2	2	P1,P2	0		0.0	0.7	1055	3060	0	0	0	0	0	0	2491	0	P1	100r	0	-2	N	0		0.0	0.9	1681	2902	0	0	0	0	0	0	1221	0	P2	100n	0	-2	N	0		0.0	0.9	1686	2956	0	0	0	0	0	0	1270	0
3000	4	100n	N	100n	2	2	P1,P2	0		0.0	0.5	345	1364	0	0	0	0	0	0	1055	0	P1	100r	0	-2	N	0		0.0	0.5	1919	2442	0	0	0	0	0	0	523	0	P2	100n	0	-2	N	0		0.0	0.6	2008	2540	0	0	0	0	0	0	532	0
3000	4	100n	N	100n	2	2	P1,P2	0		0.0	0.5	325	632	0	0	0	0	0	0	311	0	P1	100r	0	-2	N	0		0.0	0.3	877	1046	0	0	0	0	0	0	169	0	P2	100n	0	-2	N	0		0.0	0.3	922	1064	0	0	0	0	0	0	142	0
3000	4	100n	N	100n	2	2	P1,P2	0		0.0	0.6	522	642	0	0	0	0	0	0	120	0	P1	100r	0	-2	N	0		0.0	0.2	271	338	0	0	0	0	0	0	67	0	P2	100n	0	-2	N	0		0.0	0.2	231	284	0	0	0	0	0	0	53	0
3000	4	100n	N	100n	2	2	P1,P2	0		0.0	0.8	967	1030	0	0	0	0	0	0	77	0	P1	100r	0	-2	N	0		0.0	0.2	92	134	0	0	0	0	0	0	42	0	P2	100n	0	-2	N	0		0.0	0.2	71	106	0	0	0	0	0	0	35	0
3000	4	100n	N	100n	2	2	P1,P2	0		0.0	1.1	1836	1815	0	0	0	0	0	0	70	0	P1	100r	0	-2	N	0		0.0	0.2	48	84	0	0	0	0	0	0	36	0	P2	100n	0	-2	N	0		0.0	0.2	36	70	0	0	0	0	0	0	34	0
3000	4	100n	N	100n	2	2	P1,P2	0		0.0	1.4	3398	3064	0	0	0	0	0	0	92	0	P1	100r	0	-2	N	0		0.0	0.2	26	72	0	0	0	0	0	0	46	0	P2	100n	0	-2	N	0		0.0	0.2	22	68	0	0	0	0	0	0	46	0
3000	4	100n	N	100n	2	2	P1,P2	0		0.0	1.7	5783	4389	0	0	0	0	0	0	161	0	P1	100r	0	-2	N	0		0.0	0.2	11	92	0	0	0	0	0	0	81	0	P2	100n	0	-2	N	0		0.0	0.2	12	92	0	0	0	0	0	0	80	0
3000	4	100n	N	100n	2	2	P1,P2	0		0.0	1.8	8150	5105	0	0	0	0	0	0	306	0	P1	100r	0	-2	N	0		0.0	0.3	7	162	0	0	0	0	0	0	155	0	P2	100n	0	-2	N	0		0.0	0.3	9	160	0	0	0	0	0	0	151	0
3000	4	100n	N	100n	2	2	P1,P2	0		0.0	1.8	9023	5359	0	0	0	0	0	0	575	0	P1	100r	0	-2	N	0		0.0	0.4	24	310	0	0	0	0	0	0	286	0	P2	100n	0	-2	N	0		0.0	0.4	13	302	0	0	0	0	0	0	289	0
3000	4	100n	N	100n	2	2	P1,P2	0		0.0	1.7	8474	5360	0	0	0	0	0	0	1098	0	P1	100r	0	-2	N	0		0.0	0.5	26	572	0	0	0	0	0	0	546	0	P2	100n	0	-2	N	0		0.0	0.6	26	578	0	0	0	0	0	0	552	0
3000	4	100n	N	100n	2	2	P1,P2	0		0.0	1.4	6604	5164	0	0	0	0	0	0	1936	0	P1	100r	0	-2	N	0		0.0	0.8	116	1092	0	0	0	0	0	0	976	0	P2	100n	0	-2	N	0		0.0	0.8	144	1104	0	0	0	0	0	0	960	0
3000	4	100n	N	100n	2	2	P1,P2	0		0.0	1.1	3702	4608	0	0	0	0	0	0	2874	0	P1	100r	0	-2	N	0		0.0	1.0	479	1952	0	0	0	0	0	0	1473	0	P2	100n	0	-2	N	0		0.0	1.0	519	1920	0	0	0	0	0	0	1401	0
3000	4	100n	N	100n	2	2	P1,P2	0		0.0	0.7	1255	3261	0	0	0	0	0	0	2575	0	P1	100r	0	-2	N	0		0.0	0.9	1641	2946	0	0	0	0	0	0	1305	0	P2	100n	0	-2	N	0		0.0	0.9	1532	2802	0	0	0	0	0	0	1270	0
3000	4	100n	N	100n	2	2	P1,P2	0		0.0	0.5	392	1567	0	0	0	0	0	0	1234	0	P1	100r	0	-2	N	0		0.0	0.6	1986	2610	0	0	0	0	0	0	624	0	P2	100n	0	-2	N	0		0.0	0.6	1930	2540	0	0	0	0	0	0	610	0
3000	4	100n	N	100n	2	2	P1,P2	0		0.0	0.4	314	683	0	0	0	0	0	0	372	0	P1	100r	0	-2	N	0		0.0	0.3	1042	1248	0	0	0	0	0	0	206	0	P2	100n	0	-2	N	0		0.0	0.3	1054	1220	0	0	0	0	0	0	166	0
3000	4	100n	N	100n	2	2	P1,P2	0		0.0	0.6	489	624	0	0	0	0	0	0	135	0	P1	100r	0	-2	N	0		0.0	0.2	334	412	0	0	0	0	0	0	78	0	P2	100n	0	-2	N	0		0.0	0.2	275	332	0	0	0	0	0	0	57	0
3000	4	100n	N	100n	2	2	P1,P2	0		0.0	0.8	918	963	0	0	0	0	0	0	60	0	P1	100r	0	-2	N	0		0.0	0.1	124	156	0	0	0	0	0	0	32	0	P2	100n	0	-2	N	0		0.0	0.1	86	114	0	0	0	0	0	0	28	0
3000	4	100n	N	100n	2	2	P1,P2	0		0.0	1.1	1755	1739	0	0	0	0	0	0	51	0	P1	100r	0	-2	N	0		0.0	0.1	36	64	0	0	0	0	0	0	28	0	P2	100n	0	-2	N	0		0.0	0.1	33	56	0	0	0	0	0	0	23	0
3000	4	100n	N	100n	2	2	P1,P2	0		0.0	1.4	3309	2928	0	0	0	0	0	0	67	0	P1	100r	0	-2	N	0		0.0	0.1	23	56	0	0	0	0	0	0	33	0	P2	100n	0	-2	N	0		0.0	0.1	12	46	0	0	0	0	0	0	34	0
3000	4	100n	N	100n	2	2	P1,P2	0		0.0	1.7	5608	4253	0	0	0	0	0	0	114	0	P1	100r	0	-2	N	0		0.0	0.2	8	66	0	0	0	0	0	0	58	0	P2	100n	0	-2	N	0		0.0	0.2	12	68	0	0	0	0	0	0	56	0
3000	4	100n	N	100n	2	2	P1,P2	0		0.0	1.8	8066	5079	0	0	0	0	0	0	212	0	P1	100r	0	-2	N	0		0.0	0.3	8	116	0	0	0	0	0	0	108	0	P2	100n	0	-2	N	0		0.0	0.3	8	112	0	0	0	0	0	0	104	0
3000	4	100n	N	100n	2	2	P1,P2	0		0.0	1.8	9325	5392	0	0	0	0	0	0	409	0	P1	100r	0	-2	N	0		0.0	0.3	5	216	0	0	0	0	0	0	211	0	P2	100n	0	-2	N	0		0.0	0.4	10	208	0	0	0	0	0	0	198	0
3000	4	100n	N	100n	2	2	P1,P2	0		0.0	1.8	9193	5421	0	0	0	0	0	0	775	0	P1	100r	0	-2	N	0		0.0	0.5	20	422	0	0	0	0	0	0	402	0	P2	100n	0	-2	N	0		0.0	0.5	23	396	0	0	0	0	0	0	373	0
3000	4	100n	N	100n	2	2	P1,P2	0		0.0	1.6	7878	5242	0	0	0	0	0	0	1414	0	P1	100r	0	-2	N	0		0.0	0.6	70	804	0	0	0	0	0	0	734	0	P2	100n	0	-2	N	0		0.0	0.7	66	746	0	0	0	0	0	0	680	0
3000	4	100n	N	100n	2	2	P1,P2	0		0.0	1.4	5351	4919	0	0	0	0	0	0	2359	0	P1	100r	0	-2	N	0		0.0	0.9	221	1468	0	0	0	0	0	0	1247	0	P2	100n	0	-2	N	0		0.0	0.9	248	1360	0	0	0	0	0	0	1112	0
3000	4	100n	N	100n	2	2	P1,P2	0		0.0	0.9	2463	4025	0	0	0	0	0	0	2851	0	P1	100r	0	-2	N	0		0.0	1.1	997	2494	0	0	0	0	0	0	1497	0	P2	100n	0	-2	N	0		0.0	0.9	870	2224	0	0	0	0	0	0	1354	0
3000	4	100n	N	100n	2	2	P1,P2	0		0.0	0.6	741	2498	0	0	0	0	0	0	1979	0	P1	100r	0	-2	N	0		0.0	0.8	1950	2994	0	0	0	0	0	0	1044	0	P2	100n	0	-2	N	0		0.0	0.8	1773	2708	0	0	0	0	0	0	935	0
3000	4	100n	N	100n	2	2	P1,P2	0		0.0	0.5	360	1127	0	0	0	0	0	0	796	0	P1	100r	0	-2	N	0		0.0	0.5	1653	2088	0	0	0	0	0	0	435	0	P2	100n	0	-2	N	0		0.0	0.5	1509	1870	0	0	0	0	0	0	361	0
3000	4	100n	N	100n	2	2	P1,P2	0		0.0	0.5	402	668	0	0	0	0	0	0	270	0	P1	100r	0	-2	N	0		0.0	0.3	714	870	0	0	0	0	0	0	156	0	P2	100n	0	-2	N	0		0.0	0.3	608	722	0	0	0	0	0	0	114	0
3000	4	100n	N	100n	2	2	P1,P2	0		0.0	0.7	679	788	0	0	0	0	0	0	117	0	P1	100r	0	-2	N	0		0.0	0.2	247	312	0	0	0	0	0	0	65	0	P2	100n	0	-2	N	0		0.0	0.2	176	228	0	0	0	0	0	0	52	0
3000	4	100n	N	100n	2	2	P1,P2	0		0.0	0.9	1269	1308	0	0	0	0	0	0	73	0	P1	100r	0	-2	N	0		0.0	0.2	85	130	0	0	0	0	0	0	45	0	P2	100n	0	-2	N	0		0.0	0.1	76	104	0	0	0	0	0	0	28	0
3000	4	100n	N	100n	2	2	P1,P2	0		0.0	1.2	2379	2292	0	0	0	0	0	0	91	0	P1	100r	0	-2	N	0		0.0	0.2	35	90	0	0	0	0	0	0	55	0	P2	100n	0	-2	N	0		0.0	0.2	20	56	0	0	0	0	0	0	36	0
3000	4	100n	N	100n	2	2	P1,P2	0		0.0	1.5	4255	3585	0	0	0	0	0	0	147	0	P1	100r	0	-2	N	0		0.0	0.2	23	110	0	0	0	0	0	0	87	0	P2	100n	0	-2	N	0		0.0	0.2	12	72	0	0	0	0	0	0	60	0
3000	4	100n	N	100n	2	2	P1,P2	0		0.0	1.7	6618	4681	0	0	0	0	0	0	258	0	P1	100r	0	-2	N	0		0.0	0.3	23	174	0	0	0	0	0	0	151	0	P2	100n	0	-2	N	0		0.0	0.3	13	120	0	0	0	0	0	0	107	0
3000	4	100n	N	100n	2	2	P1,P2	0		0.0	1.8	8374	5242	0	0	0	0	0	0	472	0	P1	100r	0	-2	N	0		0.0	0.4	24	302	0	0	0	0	0	0	278	0	P2	100n	0	-2	N	0		0.0	0.4	20	214	0	0	0	0	0	0	194	0
3000	4	100n	N	100n	2	2	P1,P2	0		0.0	1.7	8639	5363	0	0	0	0	0	0	901	0	P1	100r	0	-2	N	0		0.0	0.5	31	556	0	0	0	0	0	0	525	0	P2	100n	0	-2	N	0		0.0	0.5	12	388	0	0	0	0	0	0	376	0
3000	4	100n	N	100n	2	2	P1,P2	0		0.0	1.6	7300	5236	0	0	0	0	0	0	1630	0	P1	100r	0	-2	N	0		0.0	0.8	85	1050	0	0	0	0	0	0	965	0	P2	100n	0	-2	N	0		0.0	0.7	87	752	0	0	0	0	0	0	665	0
3000	4	100n	N	100n	2	2	P1,P2	0		0.0	1.3	4636	4808	0	0	0	0	0	0	2624	0	P1	100r	0	-2	N	0		0.0	1.1	392	1930	0	0	0	0	0	0	1538	0	P2	100n	0	-2	N	0		0.0	0.8	244	1330	0	0	0	0	0	0	1086	0
3000	4	100n	N	100n	2	2	P1,P2	0		0.0	0.8	1816	3719	0	0	0	0	0	0	2814	0	P1	100r	0	-2	N	0		0.0	1.1	1436	3076	0	0	0	0	0	0	1640	0	P2	100n	0	-2	N	0		0.0	0.9	998	2172	0	0	0	0	0	0	1174	0
3000	4	100n	N	100n	2	2	P1,P2	0		0.0	0.6	563	2046	0	0	0	0	0	0	1611	0	P1	100r	0	-2	N	0		0.0	0.7	2365	3280	0	0	0	0	0	0	915	0	P2	100n	0	-2	N	0		0.0	0.7	1652	2348	0	0	0	0	0	0	696	0
3000	4	100n	N	100n	2	2	P1,P2	0		0.0	0.5	362	907	0	0	0	0	0	0	564	0	P1	100r	0	-2	N	0		0.0	0.4	1479	1830	0	0	0	0	0	0	351	0	P2	100n	0	-2	N	0		0.0	0.4	1179	1392	0	0	0	0	0	0	213	0
3000	4	100n	N	100n	2	2	P1,P2	0		0.0	0.6	487	685	0	0	0	0	0	0	201	0	P1	100r	0	-2	N	0		0.0	0.3	569	702	0	0	0	0	0	0	133	0	P2	100n	0	-2	N	0		0.0	0.2	358	426	0	0	0	0	0	0	68	0
3000	4	100n	N	100n	2	2	P1,P2	0		0.0	0.8	867	959	0	0	0	0	0	0	101	0	P1	100r	0	-2	N	0		0.0	0.2	194	266	0	0	0	0	0	0	72	0	P2	100n	0	-2	N	0		0.0	0.1	107	136	0	0	0	0	0	0	29	0
3000	4	100n	N	100n	2	2	P1,P2	0		0.0	1.0	1636	1644	0	0	0	0	0	0	80	0	P1	100r	0	-2	N	0		0.0	0.2	88	144	0	0	0	0	0	0	56	0	P2	100n	0	-2	N	0		0.0	0.1	34	58	0	0	0	0	0	0	24	0
3000	4	100n	N	100n	2	2	P1,P2	0		0.0	1.3	3030	2793	0	0	0	0	0	0	98	0	P1	100r	0	-2	N	0		0.0	0.2	45	112	0	0	0	0	0	0	67	0	P2	100n	0	-2	N	0		0.0	0.1	17	48	0	0	0	0	0	0	31	0
3000	4	100n	N	100n	2	2	P1,P2	0		0.0	1.6	5227	4122	0	0	0	0	0	0	163	0	P1	100r	0	-2	N	0		0.0	0.3	26	134	0	0	0	0	0	0	108	0	P2	100n	0	-2	N	0		0.0	0.2	7	62	0	0	0	0	0	0	55	0
3000	4	100n	N	100n	2	2	P1,P2	0		0.0	1.8	7622	5011	0	0	0	0	0	0	296	0	P1	100r	0	-2	N	0		0.0	0.3	23	216	0	0	0	0	0	0	193	0	P2	100n	0	-2	N	0		0.0	0.3	7	110	0	0	0	0	0	0	103	0
3000	4	100n	N	100n	2	2	P1,P2	0		0.0	1.8	8874	5329	0	0	0	0	0	0	556	0	P1	100r	0	-2	N	0		0.0	0.4	23	386	0	0	0	0	0	0	363	0	P2	100n	0	-2	N	0		0.0	0.4	13	206	0	0	0	0	0	0	193	0
3000	4	100n	N	100n	2	2	P1,P2	0		0.0	1.7	8497	5319	0	0	0	0	0	0	1051	0	P1	100r	0	-2	N	0		0.0	0.6	33	726	0	0	0	0	0	0	693	0	P2	100n	0	-2	N	0		0.0	0.5	28	386	0	0	0	0	0	0	358	0
3000	4	100n	N	100n	2	2	P1,P2	0		0.0	1.5	6646	5161	0	0	0	0	0	0	1898	0	P1	100r	0	-2	N	0		0.0	0.9	132	1386	0	0	0	0	0	0	1254	0	P2	100n	0	-2	N	0		0.0	0.7	72	716	0	0	0	0	0	0	644	0
3000	4	100n	N	100n	2	2	P1,P2	0		0.0	1.2	3790	4590	0	0	0	0	0	0	2822	0	P1	100r	0	-2	N	0		0.0	1.3	649	2508	0	0	0	0	0	0	1859	0	P2	100n	0	-2	N	0		0.0	0.8	325	1288	0	0	0	0	0	0	963	0
3000	4	100n	N	100n	2	2	P1,P2	0		0.0	0.8	1370	3262	0	0	0	0	0	0	2510	0	P1	100r	0	-2	N	0		0.0	1.1	2113	3718	0	0	0	0	0	0	1605	0	P2	100n	0	-2	N	0		0.0	0.8	1021	1926	0	0	0	0	0	0	905	0
3000	4	100n	N	100n	2	2	P1,P2	0		0.0	0.5	484	1728	0	0	0	0	0	0	1314	0	P1	100r	0	-2	N	0		0.0	0.7	2368	3210	0	0	0	0	0	0	842	0	P2	100n	0	-2	N	0		0.0	0.6	1338	1810	0	0	0	0	0	0	472	0
3000	4	100n	N	100n	2	2	P1,P2	0		0.0	0.5	355	844	0	0	0	0	0	0	499	0	P1	100r	0	-2	N	0		0.0	0.4	1337	1684	0	0	0	0	0	0	347	0	P2	100n	0	-2	N	0		0.0	0.3	792	944	0	0	0	0	0	0	152	0
3000	4	100n	N	100n	2	2	P1,P2	0		0.0	0.6	505	690	0	0	0	0	0	0	187	0	P1	100r	0	-2	N	0		0.0	0.3	554	694	0	0	0	0	0	0	140	0	P2	100n	0	-2	N	0		0.0	0.2	257	304	0	0	0	0	0	0	47	0
3000	4	100n	N	100n	2	2	P1,P2	0		0.0	0.8	896	992	0	0	0	0	0	0	110	0	P1	100r	0	-2	N	0		0.0	0.2	193	280	0	0	0	0	0	0	87	0	P2	100n	0	-2	N	0		0.0	0.1	71	94	0	0	0	0	0	0	23	0
3000	4	100n	N	100n	2	2	P1,P2	0		0.0	1.0	1668	1690	0	0	0	0	0	0	96	0	P1	100r	0	-2	N	0		0.0	0.2	94	174	0	0	0	0	0	0	80	0	P2	100n	0	-2	N	0		0.0	0.1	30	46	0	0	0	0	0	0	16	0
3000	4	100n	N	100n	2	2	P1,P2	0		0.0	1.3	3064	2837	0	0	0	0	0	0	124	0	P1	100r	0	-2	N	0		0.0	0.3	57	160	0	0	0	0	0	0	103	0	P2	100n	0	-2	N	0		0.0	0.1	11	32	0	0	0	0	0	0	21	0
3000	4	100n	N	100n	2	2	P1,P2	0		0.0	1.6	5227	4126	0	0	0	0	0	0	199	0	P1	100r	0	-2	N	0		0.0	0.3	42	206	0	0	0	0	0	0	164	0	P2	100n	0	-2	N	0		0.0	0.2	7	42	0	0	0	0	0	0	35	0
3000	4	100n	N	100n	2	2	P1,P2	0		0.0	1.7	7481	4992	0	0	0	0	0	0	373	0	P1	100r	0	-2	N	0		0.0	0.4	23	328	0	0	0	0	0	0	305	0	P2	100n	0	-2	N	0		0.0	0.2	2	70	0	0	0	0	0	0	68	0
3000	4	100n	N	100n	2	2	P1,P2	0		0.0	1.8	8547	5331	0	0	0	0	0	0	691	0	P1	100r	0	-2	N	0		0.0	0.5	44	610	0	0	0	0	0	0	566	0	P2	100n	0	-2	N	0		0.0	0.3	11	136	0	0	0	0	0	0	125	0
3000	4	100n	N	100n	2	2	P1,P2	0		0.0	1.6	7990	5308	0	0	0	0	0	0	1290	0	P1	100r	0	-2	N	0		0.0	0.8	71	1132	0	0	0	0	0	0	1061	0	P2	100n	0	-2	N	0		0.0	0.4	21	250	0	0	0	0	0	0	229	0
3000	4	100n	N	100n	2	2	P1,P2	0		0.0	1.4	5849	5016	0	0	0	0	0	0	2199	0	P1	100r	0	-2	N	0		0.0	1.3	296	2122	0	0	0	0	0	0	1826	0	P2	100n	0	-2	N	0		0.0	0.5	85	458	0	0	0	0	0	0	373	0
3000	4	100n	N	100n	2	2	P1,P2	0		0.0	1.1	2986	4332	0	0	0	0	0	0	2836	0	P1	100r	0	-2	N	0		0.0	1.6	1345	3652	0	0	0	0	0	0	2307	0	P2	100n	0	-2	N	0		0.0	0.6	217	746	0	0	0	0	0	0	529	0
3000	4	100n	N	100n	2	2	P1,P2	0		0.0	0.8	1228	3029	0	0	0	0	0	0	2214	0	P1	100r	0	-2	N	0		0.0	1.2	2851	4614	0	0	0	0	0	0	1763	0	P2	100n	0	-2	N	0		0.0	0.5	607	1058	0	0	0	0	0	0	451	0
3000	4	100n	N	100n	2	2	P1,P2	0		0.0	0.6	639	1783	0	0	0	0	0	0	1213	0	P1	100r	0	-2	N	0		0.0	0.7	2588	3526	0	0	0	0	0	0	938	0	P2	100n	0	-2	N	0		0.0	0.4	627	902	0	0	0	0	0	0	275	0
3000	4	100n	N	100n	2	2	P1,P2	0		0.0	0.6	577	1142	0	0	0	0	0	0	581	0	P1	100r	0	-2	N	0		0.0	0.5	1404	1876	0	0	0	0	0	0	472	0	P2	100n	0	-2	N	0		0.0	0.3	441	550	0	0	0	0	0	0	109	0
3000	4	100n	N	100n	2	2	P1,P2	0		0.0	0.7	778	1104	0	0	0	0	0	0	344	0	P1	100r	0	-2	N	0		0.0	0.4	655	944	0	0	0	0	0	0	289	0	P2	100n	0	-2	N	0		0.0	0.2	163	218	0	0	0	0	0	0	55	0
3000	4	100n	N	100n	2	2	P1,P2	0		0.0	0.9	1249	1461	0	0	0	0	0	0	271	0	P1	100r	0	-2	N	0		0.0	0.4	346	578	0	0	0	0	0	0	232	0	P2	100n	0	-2	N	0		0.0	0.2	71	110	0	0	0	0	0	0	39	0
3000	4	100n	N	100n	2	2	P1,P2	0		0.0	1.1	2100	2201	0	0	0	0	0	0	280	0	P1	100r	0	-2	N	0		0.0	0.4	223	464	0	0	0	0	0	0	241	0	P2	100n	0	-2	N	0		0.0	0.2	39	78	0	0	0	0	0	0	39	0
